0.824749	-0.231319
1.03099	-0.205301
0.979348	-0.12156
0.948084	-0.0866881
1.05016	-0.425058
0.842878	-0.245499
1.05086	-0.227663
0.70082	-0.265241
0.796927	-0.243097
1.08026	-0.350026
1.02265	-0.202926
0.985899	-0.310073
1.08591	-0.45832
1.07805	-0.391727
0.872209	-0.396252
1.85206	-1.71203
2.27666	-2.53493
1.77479	-1.43542
2.61711	-2.88928
2.44585	-2.59002
2.05832	-2.13177
2.1251	-2.35814
1.9347	-2.15915
2.60688	-3.19409
2.44969	-2.82435
2.2714	-2.48437
2.41938	-2.87497
2.37762	-2.93858
2.61666	-3.4163
2.67172	-3.38716
2.79595	-3.50002
2.76053	-3.55358
2.8899	-3.74478
2.54146	-3.20771
2.64186	-3.30384
2.54965	-3.22256
1.80536	-1.65426
2.10763	-1.86719
1.90047	-1.7447
1.74414	-1.72535
1.69995	-1.72697
2.06972	-2.29798
2.02032	-2.38562
1.49774	-1.66011
1.66953	-1.91338
1.39841	-1.46634
1.12499	-1.09722
0.639113	-0.609216
0.742527	-0.962232
1.07918	-1.53864
0.795026	-1.26587
0.380668	-0.864644
0.324877	-0.805408
0.3119	-0.849223
0.369643	-0.924884
0.393101	-0.968901
0.565502	-1.16646
1.03007	-1.54504
1.17822	-1.49339
0.874504	-1.00422
1.19043	-1.3548
1.60791	-1.94342
1.8451	-2.44306
1.99019	-2.7007
2.05442	-2.72937
2.19227	-2.93458
2.21929	-2.97214
1.81347	-1.99955
1.84078	-1.55943
2.03117	-1.79023
1.72178	-1.31059
1.54829	-1.15925
1.46657	-1.00708
1.14982	-0.774248
0.963937	-0.831152
0.463328	-0.454259
0.109302	-0.430543
-0.357807	-0.293764
-0.346028	-0.548478
-0.0712591	-0.528105
0.125695	-0.722743
0.092316	-0.563106
0.262566	-0.498755
0.420841	-0.413286
0.363377	-0.316636
0.570211	-0.542055
0.994508	-1.03421
1.32292	-1.46452
1.58061	-1.70066
2.0516	-2.07922
1.77743	-1.83057
1.87454	-1.69414
1.87427	-1.70616
1.36218	-0.984971
0.250276	-0.341419
0.287168	-0.367306
0.234501	-0.267484
0.316581	-0.256611
0.194787	-0.00512027
-0.00253231	0.175237
0.129683	-0.168337
0.530883	-0.571161
0.669827	-0.373404
1.01007	-0.753144
0.813294	-0.703714
2.30412	-2.49539
2.59725	-2.71677
2.12351	-2.14252
0.518064	-0.778998
0.869305	-0.951464
1.66797	-1.42739
2.44473	-2.63222
2.62762	-2.89835
2.02405	-1.84853
1.60755	-1.32965
1.02218	-1.04762
0.942268	-1.0471
0.634274	-0.36329
0.360461	0.0338089
0.159361	0.129501
0.0694767	0.219218
0.250016	0.172918
0.652497	0.496278
0.855497	0.377703
0.922112	0.504714
0.779173	0.154971
0.914974	0.0256794
0.630559	-0.290634
0.621397	-0.385478
0.792728	-0.349752
0.960857	-0.413267
0.920584	-0.182115
1.09268	-0.390185
0.896911	-0.322287
0.906586	-0.456063
0.691595	-0.343633
0.478058	-0.402958
1.03238	-0.69375
1.48341	-1.65853
1.55924	-1.78589
1.2687	-1.50664
1.09191	-0.807083
0.474609	-0.303324
0.640482	-0.459241
1.26122	-1.06331
1.16007	-0.951002
1.35945	-1.25002
1.40464	-1.27315
1.66785	-1.59446
1.60917	-1.53763
1.15429	-0.923835
1.13336	-0.771765
1.53539	-0.968819
1.61824	-0.822187
2.0455	-1.2923
2.16424	-1.31697
2.15817	-0.949288
2.18108	-1.22123
2.4596	-1.47953
2.39731	-1.20543
1.53144	-0.615358
1.60402	-1.02231
1.27774	-0.76215
1.37023	-0.92617
1.46446	-0.9875
1.63803	-1.29063
1.16114	-0.751367
0.795424	-0.533511
0.611217	-0.420545
0.925499	-0.77746
1.06444	-0.967879
1.44281	-1.55973
1.19383	-1.27291
1.24609	-1.47361
1.30838	-1.42212
1.52678	-1.38057
1.80724	-1.58995
1.95691	-1.71674
2.25839	-1.63251
1.45968	-0.81314
2.11911	-1.47296
3.36	-3.03922
2.1445	-1.3581
1.67763	-1.14129
1.64379	-1.15725
2.5741	-1.95681
2.07231	-1.2823
1.93514	-0.921568
1.86364	-1.31032
1.44458	-0.739962
1.48344	-0.887425
1.17256	-0.661203
1.23873	-0.75421
1.31032	-0.976694
1.18643	-0.56434
1.13572	-0.425818
0.982978	-0.249925
0.979867	-0.0506732
1.19596	-0.300694
0.963019	-0.310359
1.1597	-0.598371
0.95294	-0.173161
0.973569	-0.229965
0.994939	-0.27352
1.03554	-0.0782445
0.631931	-0.293403
0.590566	0.121802
0.748011	0.0519284
1.10665	-0.265287
1.16164	-0.240354
1.08291	-0.54795
0.762841	-0.19088
0.908699	-0.565612
1.01435	-0.554499
1.01213	-0.203772
0.91554	-0.086373
0.89035	-0.223933
1.04708	-0.504169
0.637195	-0.820398
1.55079	-1.31177
1.11414	-0.709222
0.866316	-0.357478
0.318417	0.249772
0.905808	-0.0201941
1.32096	-0.442202
1.35984	-0.824644
1.46993	-0.963054
1.51464	-1.17328
1.74021	-1.47398
1.4396	-1.11632
1.4386	-1.22377
1.55697	-1.51755
1.44065	-1.56211
1.22771	-1.43597
1.22067	-1.56355
1.2771	-1.77913
1.37025	-2.01156
1.3334	-2.11753
1.26857	-2.01587
0.946554	-1.62344
0.558835	-1.1939
0.599681	-1.14603
0.618792	-1.01796
0.759876	-0.99894
0.887402	-0.891784
0.941216	-0.738023
0.978338	-0.66665
0.911195	-0.543451
0.867385	-0.500528
0.992089	-0.670264
0.963269	-0.848447
1.3269	-1.2658
2.56107	-2.59491
2.8071	-2.42408
1.68592	-1.21466
1.78146	-1.6649
2.09264	-1.70771
2.76916	-2.49298
1.60499	-1.07669
2.00865	-1.41947
2.39054	-2.17131
1.94546	-1.63348
1.70365	-1.33741
1.51545	-1.11726
1.35885	-0.969807
1.41103	-1.05652
1.2347	-0.754704
1.18759	-0.644595
1.30295	-0.736005
1.33947	-0.717565
1.40739	-0.735944
1.69171	-1.10834
2.03355	-1.69596
1.75189	-1.32511
1.59894	-1.26714
1.57402	-1.37123
1.57382	-1.5541
2.13281	-2.44919
2.17459	-2.66621
2.12198	-2.58623
2.19846	-2.67139
2.32094	-2.86853
2.17601	-2.52102
2.17599	-2.60443
2.03722	-1.81343
1.37996	-0.821733
1.4245	-0.985385
1.71964	-1.48388
2.17833	-2.25212
2.15118	-2.51712
2.43621	-3.11919
2.43922	-3.04353
2.22268	-2.72434
1.89708	-2.08282
2.15881	-2.37737
2.02615	-2.09081
2.15841	-2.20423
1.14172	-1.01688
0.953094	-0.868015
1.01881	-0.646359
1.06183	-0.72009
1.07257	-0.54915
1.10238	-0.326189
0.645607	-0.414932
2.32615	-2.21247
1.82712	-1.39103
2.30686	-1.83629
3.63721	-4.1777
2.84276	-2.38746
1.66001	-1.1001
1.38545	-0.903614
1.55128	-1.18813
1.01285	-0.888291
1.15757	-0.644493
1.01059	-0.768893
1.27385	-0.794515
1.81053	-1.15636
0.951369	-0.44145
0.873245	-0.388137
0.898323	-0.419224
1.17117	-0.648958
1.24377	-0.7473
1.18724	-0.654863
0.899669	-0.787177
0.958033	-0.697118
1.00159	-0.425961
0.93068	-0.360871
0.923758	-0.431122
1.25717	-0.978194
1.95833	-1.50992
1.44355	-0.602612
2.04387	-1.7474
0.909816	-0.427453
0.734195	-0.669147
-0.35401	-0.136569
-0.111228	-0.232243
0.18984	-0.129247
0.535481	0.254526
1.0723	0.712505
0.907191	0.390727
1.02337	0.583927
0.983253	0.475129
0.715336	0.18135
0.288216	-0.333052
0.95839	-1.03221
0.588437	-0.963867
1.07547	-1.32203
0.975334	-0.753982
0.946282	-0.980493
0.583492	-0.538456
-0.337696	-0.0458697
-0.437153	-0.00380757
0.145852	0.35169
0.340942	0.236098
0.560676	0.119015
0.770796	0.0272121
0.593706	0.0545846
0.499059	-0.00247845
0.505959	-0.102064
0.905249	-0.782306
0.883911	-0.598291
0.86907	-0.768382
2.33168	-1.94982
3.13972	-2.86523
3.55912	-3.56292
3.44445	-4.06925
2.35805	-2.78922
2.36115	-2.82307
2.4201	-2.75252
1.84388	-1.76802
1.01513	-1.17015
0.429867	-0.939184
0.22444	-0.989207
0.432609	-1.17979
1.37401	-1.65556
2.00288	-2.19378
2.63995	-3.201
2.19377	-2.44647
1.8532	-2.05027
1.83188	-1.90342
1.51568	-1.46757
1.18549	-0.941404
1.2075	-1.08365
1.04079	-0.703777
0.94422	-0.719588
1.24634	-0.586327
1.2746	-0.689315
1.1989	-0.202507
1.07025	-0.474172
1.89266	-1.73748
2.47488	-2.86753
2.22029	-2.14624
2.63417	-2.39621
2.66249	-2.23145
1.98161	-1.31985
1.29804	-1.14646
1.44118	-1.24872
0.694735	0.0311071
0.518516	-0.231285
0.944279	-0.586954
1.06686	-0.779952
1.17217	-0.874807
1.12394	-0.695386
1.01649	-0.428398
1.52166	-1.13278
0.877019	-0.394707
1.96448	-1.4911
2.5863	-2.22723
2.85211	-2.72777
2.30157	-1.93623
2.41256	-2.16672
2.077	-1.64796
2.14308	-1.70142
2.25461	-1.90574
2.49898	-2.33949
2.65714	-2.58612
2.31205	-2.69866
2.41183	-2.99406
2.08583	-2.2615
2.13884	-2.10937
1.7451	-1.26605
2.17026	-1.78646
1.8264	-1.1511
1.44946	-1.09566
1.0514	-0.990982
1.13399	-0.806601
1.04963	-0.792946
0.930055	-0.536444
0.879026	-0.752118
0.955874	-0.69159
0.838329	-0.24373
1.04804	-0.173207
1.08196	-0.313422
0.903865	-0.182157
0.873845	-0.0041088
1.0293	-0.253489
0.939085	-0.183664
0.99664	-0.208289
0.94127	-0.400923
0.972897	-0.414258
0.803986	-0.178822
0.400683	-0.26971
0.662619	-0.266233
1.07153	-1.09903
0.937889	-1.10952
0.883462	-0.97124
0.53366	-0.669956
0.00402405	-0.315027
-0.110099	-0.0132164
0.113105	-0.0760965
0.215706	0.128208
0.354419	0.541434
0.491907	0.503808
0.799167	0.210132
0.657076	-0.00676261
0.553711	-0.0867822
0.623125	-0.208708
0.437642	-0.0394103
0.75218	0.133539
0.720857	0.0678952
0.683532	0.025188
1.01624	-0.590114
2.3183	-1.87883
2.07735	-1.51527
2.17253	-1.59224
2.08508	-1.44103
1.97721	-1.25782
1.87536	-1.18488
0.0256596	-0.0916006
-0.258478	0.229611
0.192677	0.300517
0.372979	0.433538
0.196291	0.363681
0.442299	0.501771
0.248426	0.0275204
0.241727	-0.44263
0.879882	-0.744523
1.28819	-1.21534
0.922754	-0.754422
1.34135	-1.15313
2.03561	-2.22542
2.28844	-2.55814
2.48714	-2.64893
2.1731	-2.18014
1.81696	-1.61862
1.85881	-1.42976
1.89242	-1.46227
2.09366	-1.70924
2.46385	-2.03673
2.27693	-1.61833
1.95197	-1.15545
2.03047	-1.25464
1.75728	-0.862754
1.48333	-0.454684
1.50752	-0.713907
1.09358	-0.661498
0.743649	-0.249393
1.16621	-0.562578
1.00846	-0.0668246
1.56745	-1.04111
2.5266	-2.54572
3.098	-3.31314
2.83846	-3.01827
2.17309	-1.84762
1.8711	-1.39325
1.84023	-1.36184
2.21444	-1.79317
1.49979	-1.07341
1.29606	-0.918893
0.674714	-0.609591
0.828696	-0.143188
1.02874	0.0328486
1.05655	0.147136
1.10925	0.0485975
1.19233	0.075531
1.07738	0.202431
0.983691	-0.637574
1.12435	-0.581791
1.17539	-1.62487
0.944477	-1.42752
1.07105	-1.46065
1.10501	-1.339
1.10888	-1.32702
1.25606	-1.30571
1.50831	-1.32912
1.57114	-1.21385
1.45715	-0.743606
1.77348	-1.07636
1.64167	-1.15572
2.0139	-1.37202
1.75254	-1.41153
1.45831	-1.00541
1.54642	-1.08227
1.80009	-1.71851
2.13665	-2.42968
2.09343	-2.37996
1.32663	-0.824769
0.86244	-1.02652
0.678695	-0.924757
0.760195	-1.03469
2.22989	-2.00128
2.14412	-1.93711
2.15719	-1.86424
2.07133	-1.9452
2.44596	-2.42594
2.2814	-2.33782
2.0568	-2.05524
1.78297	-1.78199
1.53289	-1.63826
1.04556	-1.25847
0.568225	-1.03459
0.314234	-0.961567
0.20377	-1.02657
0.361452	-1.23469
0.578781	-1.40602
0.854418	-1.58613
0.999154	-1.54964
0.815983	-1.29043
0.895325	-1.33394
1.0927	-1.53916
1.04018	-1.23392
0.973784	-1.03689
1.21389	-1.42136
0.817295	-0.947172
0.0903971	-0.279568
0.21166	-0.0900867
0.424945	0.352719
0.671108	0.551803
0.591187	0.403377
0.650576	0.790375
0.748313	0.77323
0.664777	0.750262
0.697509	0.63561
0.414541	0.258985
0.300305	0.329292
0.320573	0.00504774
0.847919	-0.422765
1.98621	-1.76617
2.36334	-1.95457
2.36118	-2.02793
2.03313	-1.67716
2.01709	-1.63374
2.34367	-2.00906
2.53337	-2.15095
3.19051	-3.38968
3.10872	-3.21225
3.2652	-3.22805
3.61877	-3.45893
2.81991	-2.33267
2.55542	-1.97937
2.1787	-1.62866
1.85422	-1.22592
1.18232	-0.765557
0.703779	-0.293939
0.96043	-0.571265
0.964513	-0.685349
1.36984	-1.02489
1.14607	-0.786987
1.11984	-0.77861
1.102	-0.619888
0.910074	-0.247304
1.05678	-0.470099
1.09858	-0.312564
1.07432	-0.353822
1.10716	-0.0851507
0.739469	-0.303118
1.13325	-0.479642
1.0121	-0.422446
1.07868	-0.0283068
1.13212	-0.30537
1.04909	-0.218761
0.862212	-0.0968375
0.965872	-0.342255
1.40903	-0.950587
1.11321	-0.748333
1.31251	-0.831111
1.20479	-1.11699
1.14396	-1.08282
1.55124	-1.49976
1.31644	-1.0429
0.912127	-0.908567
0.893983	-1.0821
0.950646	-1.27064
0.776497	-1.35309
0.984021	-1.35152
0.742209	-1.00211
0.370056	-0.831719
0.0242907	-0.514033
0.120691	-0.566988
0.22143	-0.361477
0.332829	-0.359118
0.415498	-0.0665567
0.504551	0.301278
0.637711	0.401345
0.401907	0.379521
0.569791	0.337653
0.493197	0.397237
0.788	0.614556
0.515694	0.252997
0.482852	-0.493852
1.4455	-1.62889
2.00407	-2.17187
1.93897	-2.05656
2.45218	-2.98299
2.38246	-2.92034
2.08732	-2.43206
2.15053	-2.58883
1.97175	-2.33464
2.01906	-2.43873
2.4072	-2.87147
2.61101	-3.04468
2.60012	-2.86717
2.83315	-3.28324
2.69401	-3.14271
2.21215	-2.32487
2.5243	-2.80912
2.31003	-2.65346
2.35474	-2.79857
2.241	-2.66836
0.596891	-0.742271
-0.138261	-0.647901
0.110984	-0.633855
0.511889	-0.56816
0.252585	-0.622306
0.314945	-0.923349
0.55947	-0.679595
0.324034	-0.367409
0.0946903	-0.591239
-0.108907	-0.294074
-0.028821	0.0163454
1.07594	-0.925513
1.85312	-1.85718
2.02854	-1.92992
2.3263	-2.30234
2.45335	-2.33045
2.80439	-2.68042
2.92844	-2.61128
2.87786	-2.33588
1.92471	-1.16199
0.810341	-0.687344
0.618383	-0.027722
0.869639	0.111886
1.16077	0.464683
1.146	0.162484
0.917105	0.0759092
0.908351	0.344634
0.83548	0.0114037
1.21836	-1.32677
0.774665	-0.963734
0.486453	-0.733653
0.435635	-0.714005
0.497667	-0.77862
0.569069	-1.06015
0.748047	-0.64242
1.02274	-0.902998
0.956618	-0.824538
0.809965	-0.535822
1.00939	-0.558403
1.08533	-0.540879
0.97446	-0.606193
1.72673	-1.28653
2.04866	-1.40148
2.49886	-1.96977
2.62948	-2.14179
2.3682	-1.86853
3.27741	-3.98451
3.01682	-3.84003
2.57152	-3.14823
2.64456	-3.17861
2.91464	-3.67155
2.58382	-3.20088
2.53098	-3.14259
2.46529	-2.9757
2.23626	-2.38659
2.17554	-2.3442
2.3928	-2.49724
1.68897	-1.48504
2.12094	-2.13184
1.65319	-1.38302
2.07517	-2.10618
2.25296	-2.30122
1.87357	-2.04535
1.87404	-2.14304
1.56645	-1.88934
1.24023	-1.23384
1.36949	-1.21698
1.32678	-1.09837
1.14498	-1.00982
1.21757	-0.862494
0.806567	-0.703418
1.06823	-0.822503
0.870555	-0.644105
1.50958	0.648865
1.41796	0.174268
0.491528	0.171544
0.0448312	0.00212946
0.198655	-0.438205
0.270431	-0.752139
0.638281	-0.956746
1.05849	-1.28032
2.1765	-2.5876
1.83481	-2.13972
1.66718	-1.90704
1.13775	-1.11722
0.748007	-0.927658
1.04049	-1.05283
0.986416	-0.844485
0.976365	-0.715637
1.04025	-0.743738
1.00388	-0.721328
1.11337	-0.513429
1.03082	-0.669864
0.937228	-0.48334
1.00748	-0.269126
0.951179	-0.542894
0.812016	-0.388762
1.65613	-1.2787
1.7665	-1.10583
2.255	-1.89016
2.5249	-2.40122
2.93894	-2.93351
2.55735	-1.99837
1.5646	-1.0585
0.474917	-0.117838
0.192941	-0.171864
0.40717	0.248761
0.508011	0.350306
0.434618	0.276403
0.444908	0.0728743
0.700877	-0.151566
0.698575	-0.112647
0.639391	-0.0260602
0.364907	0.260369
0.430236	0.522428
0.245067	0.141491
0.356532	0.0930281
0.297617	0.023925
0.216769	-0.221232
1.92031	-2.16783
1.92464	-2.01442
1.3693	-1.06279
1.55334	-1.62082
2.55362	-2.48376
3.25134	-3.70017
2.8424	-2.65779
2.348	-1.9528
1.69745	-1.04975
1.657	-0.813415
1.5652	-0.560864
2.12878	-1.58387
2.18031	-1.79667
2.18206	-1.82828
2.0601	-1.57697
2.39717	-2.03034
2.3785	-2.00996
2.14161	-1.65316
2.38948	-1.905
2.59239	-2.1723
2.43091	-2.11833
2.71423	-2.26228
2.92316	-2.9428
2.72019	-2.46046
2.6609	-2.04718
2.72956	-2.23769
2.76945	-2.45618
2.65466	-2.50928
2.60866	-2.59961
2.11437	-1.85363
1.41258	-1.03685
1.12713	-0.517483
0.959343	-0.427085
0.780716	-0.270727
0.812517	-0.349051
1.03036	-0.719883
1.20138	-0.630292
0.676345	-0.0568466
0.729988	0.0180878
0.827485	-0.103847
0.643189	0.389364
0.4829	0.444266
0.501393	0.564197
0.525319	0.446323
0.452473	0.694168
0.223514	0.625556
0.324863	0.543169
0.435833	0.729757
0.388952	0.718532
0.285077	0.559804
0.141963	0.144659
-0.035831	0.295496
0.148424	0.603292
0.297308	0.600275
0.231722	0.319241
0.602625	0.145827
0.869011	0.000658917
0.857868	0.141921
0.879663	-0.171481
1.05921	-0.416148
0.768104	-0.194029
0.689404	-0.0337216
0.969207	-0.252025
1.05945	-0.30636
0.813874	0.00272374
0.937699	-0.234749
0.978091	-0.187885
0.536029	-0.296979
0.955434	-0.275565
0.789048	-0.0209907
1.00559	-0.4384
1.08681	-0.332871
0.988051	-0.165002
0.86915	-0.226681
0.86186	-0.162824
1.04568	-0.363292
1.10674	-0.325724
1.02912	-0.408154
0.88818	-0.728993
1.04941	-0.662105
1.30332	-1.22756
1.32591	-1.19163
0.184833	-0.23879
0.426292	-0.257985
1.41687	-0.998292
1.32478	-0.871894
1.20442	-0.599381
0.91216	-0.174963
0.859886	-0.124542
0.551796	0.0627972
0.691399	-0.25532
0.664745	-0.490046
0.45326	-0.228038
0.237167	-0.12037
0.362964	-0.259898
0.255876	-0.0548915
0.194915	0.230952
0.0758522	0.178409
0.132163	0.136532
0.260787	0.26771
0.287196	-0.00735525
0.752693	-0.336652
1.32648	-0.740678
1.73904	-1.14219
1.62635	-0.693111
1.7818	-0.812937
2.03604	-1.17835
2.52889	-2.04364
2.99294	-2.70135
2.44285	-1.79627
3.07692	-2.78241
2.48616	-1.92375
2.51465	-2.40733
2.14415	-2.28017
2.01675	-2.09438
2.06576	-2.0546
1.97067	-2.05542
1.72112	-1.52212
0.542274	-0.093089
-0.462206	-0.012027
-0.493587	-0.41532
-0.262381	-0.466975
-0.364673	-0.112865
-0.170117	0.472566
0.496007	-0.0624065
0.806138	-0.269914
0.667526	0.0625048
1.06466	-0.469787
1.11004	-0.43136
1.16598	-0.774501
1.46859	-1.17362
1.16052	-0.94221
0.60457	-0.423229
0.192674	-0.157179
0.0517098	0.0330658
0.216762	0.433426
0.110682	0.533059
0.269369	0.477701
0.871289	0.971103
0.442153	0.450603
0.456846	-0.11879
0.317519	-0.39655
0.464891	-0.233238
0.711344	-0.105082
0.758052	-0.401927
0.689124	-0.096766
0.552158	-0.0171398
0.960008	-0.963234
1.07655	-1.08923
2.13258	-2.40946
1.54759	-1.85287
1.27188	-1.5568
1.57093	-1.91458
1.92968	-2.17779
1.4853	-1.38205
1.06938	-0.885605
0.844755	-0.64549
0.688073	-0.63454
0.55993	-0.478544
0.616575	-0.5845
0.788772	-0.894622
0.366926	-0.47656
0.34593	-0.283259
0.0377222	-0.0615905
-0.0141572	-0.107257
-0.160811	-0.243351
0.382829	-0.623112
1.00009	-1.3443
0.802164	-1.08866
1.22546	-1.25109
1.3505	-1.18543
2.17092	-1.72873
2.12636	-1.6061
2.11048	-1.5448
2.30745	-1.58705
2.47459	-1.53709
2.94105	-2.32346
3.36898	-2.88968
2.60487	-1.89602
3.48085	-2.91069
2.69512	-1.6382
1.93539	-0.959587
2.01259	-1.37541
1.66415	-0.783691
1.57102	-0.726251
1.46874	-0.802917
1.53263	-0.935972
1.91396	-1.52521
2.29831	-1.68778
2.49132	-2.00592
2.68069	-2.30018
2.65938	-2.19971
3.13001	-3.07332
2.68679	-2.50775
2.33441	-2.30906
2.98719	-3.53233
2.3159	-2.3813
2.13783	-1.98772
2.12247	-1.61672
1.52995	-1.18708
1.26745	-0.814154
1.7654	-1.43791
2.07651	-2.15882
2.18857	-2.51768
2.37192	-2.619
2.64308	-2.96037
2.65508	-2.77924
1.78197	-1.5171
2.51261	-2.47168
2.15431	-1.84821
2.45196	-1.73994
2.92663	-2.45371
2.81651	-2.73165
2.36521	-2.05575
1.92616	-1.37711
1.6886	-0.997629
1.78584	-1.22656
1.25219	-0.643164
0.718765	-0.396271
0.863721	-0.357158
1.11134	-0.689421
1.20695	-0.543972
1.31729	-0.722918
1.12295	-0.523623
1.25135	-0.545594
0.957047	-0.12608
1.03679	-0.348002
1.17992	-0.217598
0.929398	-0.266828
1.26224	-0.566783
1.36785	-0.665725
1.27263	-0.297834
0.921927	-0.229116
1.23083	-0.498137
0.844395	-0.0942375
1.27573	-0.746287
1.14449	-0.424191
0.917747	-0.0506785
1.14239	-0.0400769
1.13452	-0.355207
1.13645	-0.323612
1.10247	-0.202703
0.920902	-0.147287
1.0863	-0.14424
0.991311	-0.532383
1.13461	-0.176323
0.901502	-0.116693
0.406091	0.164486
0.777517	-0.250647
1.66251	-1.1513
1.57046	-0.96365
1.35381	-0.832779
1.85865	-1.28358
1.76372	-1.21387
1.90927	-1.44577
1.78435	-1.42092
2.08315	-1.81784
1.69907	-1.26176
1.54106	-1.29312
2.07951	-2.6633
1.97887	-2.49312
2.10678	-2.76754
2.18549	-2.94593
1.99777	-2.59774
2.07767	-2.72603
1.98816	-2.46958
2.0132	-2.40604
1.20053	-1.19654
1.56595	-1.27218
1.35997	-1.03648
1.11721	-1.03923
0.964132	-1.10368
1.53646	-1.7161
1.93873	-2.17352
1.76963	-1.81825
1.67645	-1.49845
1.92017	-1.6493
1.9438	-1.55115
2.10462	-1.72143
1.84856	-1.36788
1.79736	-1.28628
1.54109	-0.942724
1.6111	-1.05642
1.72557	-1.21997
2.01087	-1.67033
1.45033	-0.964793
1.50166	-0.954163
1.45637	-1.21988
1.12619	-0.791169
1.18136	-0.699904
1.17057	-0.398025
1.20033	-0.604708
1.02523	-0.463614
1.12107	-0.480086
0.873236	-0.43341
1.86835	-1.87345
2.50166	-2.58098
2.5705	-3.23592
1.33344	-1.37685
2.29031	-2.61236
2.09376	-2.28853
2.00044	-1.68072
2.37537	-2.17588
2.30894	-1.82003
2.3907	-2.21502
2.22382	-2.0213
3.58343	-3.71512
2.90638	-2.4837
2.71607	-1.95729
2.51784	-1.89048
2.32522	-1.90211
1.81246	-1.28543
2.30826	-1.94703
1.55166	-1.17352
1.24453	-0.717222
1.27734	-0.599187
1.17195	-0.627156
0.866058	-0.357851
0.999049	-0.521726
0.95706	-0.48129
0.678187	-0.325537
0.509965	-0.337494
0.593804	-0.125613
0.748092	-0.544496
0.628978	-0.948393
0.300226	-0.998519
0.283931	-0.896704
0.383246	-0.544207
0.612717	-0.752576
1.0173	-1.11803
1.30481	-1.45295
1.01835	-1.04613
0.870397	-0.773754
0.869654	-0.709547
0.846478	-0.603748
1.19106	-0.918967
1.81427	-1.65669
2.25144	-1.9901
2.06001	-1.49012
2.15847	-1.65968
1.81853	-1.40571
2.05789	-1.89213
1.67263	-1.49703
1.57092	-1.39269
0.634	-0.600907
0.382184	-0.265415
0.54428	0.0185863
0.566996	0.44826
0.680554	0.392988
0.449086	0.671628
0.578408	0.470787
0.612835	0.496275
0.458796	0.513105
0.546701	0.139565
1.00791	-0.416274
1.29224	-1.01255
1.83453	-1.68475
1.56814	-1.1543
1.35621	-0.921503
1.52308	-1.00096
1.78518	-1.4642
1.87287	-1.53172
1.70862	-1.57662
0.489513	-0.725614
-0.103878	-0.0614819
0.151927	0.122026
1.03144	-0.192755
1.39862	-0.795194
1.23017	-0.963511
1.10566	-0.751196
1.12355	-0.806667
0.872201	-0.282652
1.15706	-0.691224
0.998941	-0.467568
1.06685	-0.461764
1.24711	-0.540479
1.33448	-0.658154
1.22806	-0.566702
1.34724	-0.969716
1.58231	-1.27397
1.43032	-0.796583
1.67875	-0.988234
2.14331	-1.43933
2.62449	-2.07606
2.41271	-1.73781
2.54657	-1.8501
2.38728	-1.51878
2.74525	-2.22293
2.8912	-2.59671
3.0621	-2.96597
2.29302	-1.87221
0.991471	-0.686799
0.248558	-0.32474
-0.12084	-0.295799
0.239026	-0.360389
1.03954	-1.06694
1.01409	-1.21583
0.615216	-1.01997
0.536393	-1.06622
0.4272	-1.15205
0.237884	-0.906277
-0.158779	-0.824729
-0.0490191	-0.782035
0.541799	-1.22053
0.427256	-1.16342
0.416528	-0.914026
0.87339	-0.765235
0.644617	-0.31816
0.695528	-0.174781
0.726701	-0.135213
1.08669	-0.588549
1.03406	-0.490372
1.24519	-0.464795
0.839801	-0.185337
1.0853	-0.261697
0.9298	-0.214249
1.04253	-0.173899
1.08028	-0.209628
0.998587	-0.263608
1.10453	-0.522896
0.989606	-0.435686
0.793874	-0.347917
0.680815	-0.421206
0.666728	-0.27701
0.899512	-0.322621
1.1088	-0.845118
1.0243	-0.499631
0.935174	-0.0162363
1.02004	-0.363545
1.11157	-0.435835
1.21465	-0.486117
0.996235	-0.234054
0.920335	-0.114885
0.958287	-0.0532304
1.02136	0.074026
1.05427	-0.107738
0.873441	-0.0725296
0.858594	-0.53238
0.880732	-0.167698
1.00454	-0.125375
0.818826	-0.111145
0.927937	-0.0939829
1.08063	-0.414501
0.93901	-0.186019
1.06626	-0.27604
1.00628	-0.599343
0.921	-0.74949
1.39789	-1.15328
1.82885	-1.644
1.67471	-1.11936
2.22974	-2.25064
2.52321	-2.58551
2.37843	-2.26183
1.90463	-1.70007
1.7589	-1.60463
2.0374	-2.07505
2.0365	-2.08234
1.44391	-1.17137
1.43286	-1.32863
1.13617	-0.784033
1.5805	-1.38534
1.43462	-0.953332
1.33867	-0.225158
1.22245	-0.444666
1.2412	-1.66638
1.18208	-1.49479
0.756804	-0.994618
0.806157	-1.01063
0.870638	-0.994267
0.942601	-0.831091
1.2	-0.792724
0.908858	-0.33009
1.00666	-0.701253
1.02841	-0.876589
0.749542	-0.87787
0.675623	-0.464948
0.872597	-0.530954
1.11439	-0.751989
1.15488	-1.02792
1.67048	-1.48873
1.2448	-0.938208
1.28521	-0.974622
1.23969	-0.960326
1.07215	-0.779189
1.03239	-0.755926
1.07819	-0.954811
0.40605	-0.430867
-0.14071	-0.0280126
-0.297325	-0.142808
-0.154275	-0.0595779
0.0481651	-0.0706
1.05352	-0.768961
0.263588	-0.133287
0.39913	-0.571723
0.571069	-0.750742
1.11632	-1.02429
1.05342	-0.647812
0.964216	-0.316125
0.940243	-0.514495
0.270793	-0.579929
0.67976	-0.41677
1.03821	-0.700393
1.50935	-1.27218
1.99682	-2.04309
1.85222	-1.96464
1.56342	-1.49181
1.65799	-1.41156
1.92185	-1.72677
2.07316	-1.89074
1.7245	-1.5155
0.546817	-0.5421
0.540565	-0.628189
0.222601	-0.452552
0.207378	0.0203862
0.203888	0.227187
0.166916	0.334237
0.480423	0.372308
0.627019	0.659297
0.473296	0.320064
0.571558	0.151291
0.701717	-0.0532159
0.523937	-0.390208
0.707138	-1.18932
0.737835	-1.30234
0.504132	-0.973428
0.535298	-1.06674
0.619938	-1.2644
0.650094	-1.27131
0.564581	-1.27297
0.763045	-1.38811
0.948494	-1.58174
0.965184	-1.5875
1.03258	-1.54674
1.07183	-1.467
1.30721	-1.61609
1.23538	-1.41511
1.11923	-1.18172
1.13322	-1.08818
1.18534	-1.07969
1.25106	-1.08665
1.28691	-1.07327
1.31051	-1.01205
1.46746	-1.12269
1.88772	-2.08614
2.71922	-3.55621
2.53163	-3.16479
2.03052	-2.30406
2.45689	-2.97927
2.27136	-2.60755
2.34303	-2.61573
2.53736	-3.0679
2.85687	-3.52127
2.46562	-2.79095
2.77764	-3.25362
2.92446	-3.61342
1.88922	-2.073
1.7082	-1.57662
1.98837	-1.89166
1.67905	-1.27832
1.8109	-1.44111
1.66617	-1.19376
1.29624	-0.878567
0.584117	-0.299399
0.302126	-0.189411
-0.184571	0.024905
-0.18672	0.0218934
-0.185056	0.055376
0.0338164	-0.124819
0.0690466	-0.130893
0.904168	-0.769604
1.42313	-1.37844
1.50434	-1.6455
1.40438	-1.60916
1.62587	-1.88159
1.51071	-1.59404
1.31982	-1.05226
0.0548318	-0.375063
-0.103474	-0.552981
0.702727	-0.654487
1.42424	-1.20106
1.50653	-1.23003
1.24985	-0.880708
1.3884	-0.915143
1.19283	-0.531857
1.61429	-0.953438
1.5653	-1.11835
1.56461	-1.12898
1.76438	-1.33241
1.78803	-1.28439
1.64418	-1.08612
1.66518	-1.21417
1.88721	-1.36284
1.77157	-1.27162
1.82966	-1.33971
1.7601	-1.35455
1.55427	-1.19766
1.63871	-1.36818
1.87282	-1.65864
2.06682	-1.8723
2.01033	-1.82787
2.46722	-2.30598
2.29448	-1.84925
2.01784	-1.4932
1.90622	-1.7336
0.373449	-0.371094
0.132693	-0.285984
-0.0503253	-0.0913009
-0.194096	0.192815
0.392386	0.31813
0.564903	0.341594
0.512055	0.508617
0.606151	0.340299
0.547753	0.364623
0.767224	-0.538456
1.04171	-0.554641
1.9775	-1.3182
1.90593	-1.26619
2.09491	-1.55194
1.56696	-0.891766
1.67247	-1.10173
1.25734	-0.607528
1.38007	-0.870925
1.34912	-0.961931
0.967884	-0.475003
1.26516	-0.805725
0.879273	-0.545847
0.924168	-0.65808
1.0812	-0.71594
0.763505	-0.368612
1.07271	-0.442049
1.00089	-0.500559
0.884991	-0.271306
0.653302	-0.0356884
0.375962	-0.643057
0.50486	-0.690405
0.547731	-0.812502
1.1921	-1.37142
1.61917	-1.55461
1.93051	-2.04145
2.1728	-2.29195
2.40126	-2.64747
2.00303	-2.00249
2.02896	-1.87467
1.77387	-1.4518
1.47039	-1.39014
0.802202	-1.01064
0.140755	-0.176161
0.166155	0.180757
0.216523	0.342123
0.40284	0.119236
0.422561	0.0596262
0.616462	0.253333
0.685047	0.387449
0.600467	0.143077
0.608596	0.15665
0.731915	-0.283522
0.773277	-0.199444
0.715291	-0.538243
0.514542	-0.585817
1.57379	-1.3379
0.606131	-0.493381
0.436109	-0.514457
0.265766	-0.567545
-0.241834	-0.457254
1.26397	-1.3884
1.3042	-1.43612
1.40586	-1.54621
0.992375	-0.953818
0.92296	-0.858624
0.113875	-0.155662
-0.0833503	-0.0640652
-0.0466006	0.0648423
0.246567	0.477086
0.320537	0.358124
0.252956	0.345231
0.184527	0.485278
0.269935	0.410055
0.477266	0.194408
1.21946	-0.609814
1.13829	-0.441052
1.2328	-0.712683
1.64182	-1.16376
2.27864	-2.12601
2.2479	-1.71586
2.59971	-2.41865
2.64479	-2.40469
2.90662	-2.54022
2.84833	-2.38551
1.79803	-1.46138
1.02542	-0.752241
2.71445	-2.52754
3.43003	-3.8408
2.08174	-1.90004
1.85826	-1.65809
2.38234	-2.79832
2.29023	-2.66919
1.84383	-1.90379
1.67899	-1.73547
1.47272	-1.26662
1.48985	-1.25702
1.00289	-0.657932
1.14062	-0.842164
0.769632	-0.526806
1.32068	-1.09971
1.14357	-0.986392
0.611168	-0.518658
0.735507	-0.33238
0.159858	0.0942215
0.0434701	0.214898
0.473042	0.503091
0.544385	0.59075
0.533921	0.321694
0.424423	0.373835
0.517647	0.412779
0.473637	0.407535
0.344662	0.0188309
0.596367	0.223783
0.496264	0.233769
0.564158	0.216203
0.538873	0.37296
1.04989	-0.659377
0.961854	-0.104049
0.916055	-0.195199
0.903908	-0.05286
1.05799	-0.243553
0.978337	-0.270428
0.913958	-0.115599
0.785549	-0.113505
0.984015	-0.247888
0.993891	-0.208111
1.01792	-0.193093
1.12201	-0.261685
0.896745	-0.424934
0.981736	-0.206412
1.08764	-0.530042
0.893116	-0.246785
1.17217	-0.522539
0.9889	-0.474851
0.975189	-0.40965
1.13228	-0.401639
0.817585	-0.18479
0.935315	-0.201773
0.852782	-0.2846
0.641045	-0.297478
0.662161	-0.675659
0.922372	-0.959882
-0.269033	-0.543815
-0.350329	-0.714818
-0.21895	-0.842111
-0.174697	-0.914506
-0.0660923	-0.946708
0.0124742	-0.954811
0.0877726	-0.926725
0.283821	-0.919226
0.598855	-0.950223
1.35691	-1.59023
1.79239	-1.89959
2.23704	-2.3305
2.12287	-1.64819
2.43353	-1.80765
2.22722	-1.63528
2.19474	-2.40145
2.17279	-2.36105
1.85044	-1.79138
2.12846	-2.24181
1.32775	-0.936178
0.771069	-0.056313
3.18455	-2.83177
1.90174	-0.86379
1.62279	-0.481378
1.32	-0.10475
1.15048	0.0836631
1.06588	0.0937413
1.15068	0.0797058
1.14709	-0.101628
1.17081	-0.634289
1.56854	-1.34068
1.58952	-1.05405
1.20437	-0.880387
0.883748	-0.334113
0.565937	0.219521
0.854103	0.160308
0.877671	-0.279493
0.630258	-0.389608
1.21987	-0.680767
0.523435	-0.0036117
0.113551	0.277489
0.112441	0.241756
0.148399	0.140193
0.146229	0.172982
0.845597	-0.631356
1.07117	-0.707916
1.13631	-1.05048
1.20743	-1.20844
0.345616	-0.190341
0.401263	-0.0817137
0.936828	-0.223667
1.26551	-0.952908
0.908817	-0.543729
1.58333	-1.00042
2.13716	-1.67232
1.46232	-0.958187
1.39295	-0.861642
1.3529	-0.818228
1.3855	-0.924271
1.84761	-1.95609
1.68745	-1.80902
2.18484	-2.56225
2.60978	-3.16281
2.51981	-2.8284
3.05243	-3.64825
2.55552	-2.80246
2.71621	-3.03888
2.63346	-3.05314
2.50906	-2.96959
2.30856	-2.74475
2.52242	-3.16297
2.79143	-3.55628
2.15694	-2.52044
2.42064	-2.99774
2.2527	-2.82204
2.01735	-2.47404
1.83229	-2.16985
1.71022	-1.99982
1.7308	-1.77382
1.36843	-0.994797
1.10016	-0.443453
1.03493	-0.37059
0.798904	-0.166692
0.72214	-0.0910963
0.766819	-0.172623
0.739156	-0.146362
0.837315	-0.236256
0.80999	-0.239841
1.01549	-0.581972
1.16582	-0.885572
1.63042	-1.45153
1.33812	-0.853335
1.30507	-1.02234
1.58151	-1.16528
1.09053	-0.695065
0.748554	-0.334346
1.00691	-0.697322
1.68515	-1.5494
2.08324	-2.2166
2.35013	-2.54268
2.88506	-3.45488
2.25046	-2.67081
1.77556	-2.15423
1.59106	-1.93987
1.51475	-1.7722
1.11497	-1.06948
0.988169	-0.642374
1.35957	-0.839258
1.53197	-0.984762
1.45386	-0.869165
2.41577	-2.02665
1.99918	-1.33984
1.74375	-1.23833
1.85604	-1.24314
1.65754	-0.982006
1.41723	-0.76996
1.65589	-0.896734
1.50497	-0.846115
1.46721	-0.724462
1.41402	-0.912802
1.26272	-0.807282
1.19591	-0.908623
1.7667	-1.36
1.5964	-1.30594
1.95218	-1.66311
2.03875	-1.73169
2.22237	-1.89958
2.14022	-1.7991
2.4109	-2.08907
3.3103	-3.3969
4.00386	-4.42783
3.68717	-3.9954
3.23882	-3.71814
2.31457	-2.61421
2.41353	-2.60807
2.79765	-3.27914
2.07713	-2.29974
1.63633	-1.38105
1.31544	-1.01436
1.31815	-1.30611
1.21431	-1.1123
0.328219	-0.38039
0.25521	0.0725274
0.428153	0.41064
0.720798	0.736503
0.527991	0.540424
0.461316	0.345304
0.594422	0.437615
0.628704	0.344316
0.561367	0.346152
0.620702	0.190925
0.59	-0.0476344
0.513416	-0.576234
0.38317	-0.53869
1.22751	-1.53449
0.870083	-1.13776
0.8952	-0.943738
1.02934	-0.977606
1.50004	-1.40827
1.24054	-0.85471
2.10098	-1.98781
1.61452	-1.50161
1.14845	-1.01911
0.577457	-0.359531
0.4478	-0.00852418
0.30017	0.242311
0.336082	0.357672
0.498233	0.762105
0.65636	0.846032
0.84183	0.765145
0.730822	0.304702
1.13857	-0.518718
0.80313	-0.11971
0.786829	-0.306163
0.874985	-0.323701
0.705146	-0.106164
0.625349	0.0529356
0.736618	0.133877
1.2077	-0.975048
1.91913	-1.61564
1.54552	-0.21517
2.18003	-1.22972
2.12027	-1.36343
2.50735	-1.89689
3.07664	-2.74858
3.01647	-2.38554
2.52599	-1.67249
2.14592	-1.13373
1.86785	-1.32584
2.04323	-1.82397
2.14405	-2.20498
1.85242	-1.66966
1.14746	-0.847909
0.419764	0.0287767
0.354059	0.180803
0.428619	0.227241
0.583783	0.109589
0.591274	0.375901
0.393253	0.519943
0.243343	0.268159
0.559523	-0.0237484
0.368136	0.0850619
0.439231	-0.450566
0.779547	-1.16342
0.840225	-1.28321
0.649401	-1.16512
0.757621	-1.21306
0.832577	-1.39747
1.042	-1.44048
1.14157	-0.940458
0.993843	-0.632584
0.969417	-0.613902
0.90627	-0.213309
0.816015	-0.127632
0.888089	-0.214612
1.05074	-0.505572
0.931655	-0.334285
1.31192	-0.374875
1.26132	-0.30956
0.985069	-0.250679
1.29707	-0.486275
1.10833	-0.689562
1.12756	-0.572449
1.61083	-1.26419
2.25321	-1.53069
2.58815	-2.28107
2.35359	-1.98028
1.70572	-1.155
1.77879	-1.32894
2.01974	-1.83627
1.63282	-1.34151
1.6954	-1.52148
1.27768	-1.09254
1.18943	-1.01753
1.02582	-0.912217
1.12165	-0.757708
1.10092	-0.446693
0.605725	-0.797881
0.85794	-0.735871
1.00194	-0.586132
1.01845	-0.758749
1.00072	-0.955135
1.03961	-1.06006
1.11954	-1.15857
1.11781	-1.07483
2.22207	-2.08074
1.98059	-1.37523
2.1552	-1.9606
2.58917	-2.95416
1.95538	-1.94231
1.89765	-1.6709
2.39718	-1.7393
1.7918	-0.752011
1.70294	-0.890045
1.81107	-1.06687
1.52614	-1.0748
1.86381	-1.15371
1.63254	-0.960168
1.54846	-0.745311
1.40515	-0.389009
1.17037	-0.723147
1.35637	-1.23293
1.27231	-1.33125
1.07376	-0.734212
0.960318	-0.693384
0.887751	-0.865539
0.972854	-0.948374
1.19054	-0.976013
0.903368	-0.754205
1.11145	-0.767251
0.830811	-0.405103
1.06704	-0.485314
1.00766	-0.441324
1.00813	-0.345527
0.91418	-0.0906121
1.07	-0.417317
1.0785	-0.290547
1.06924	-0.107677
1.22297	-0.221708
1.16487	-0.251514
1.05641	-0.191628
0.974276	-0.49763
0.93993	-0.231376
0.934494	-0.248675
0.957286	-0.171231
1.26914	-0.620783
0.972659	-0.2802
1.61127	-1.01027
1.70213	-0.991107
1.45486	-0.778153
1.89661	-1.38528
1.55336	-0.886032
1.47293	-0.664192
1.32309	-0.558765
1.62288	-0.736516
3.25463	-3.42393
2.59003	-1.95527
1.98015	-1.15343
2.18014	-1.45001
2.04391	-1.26866
2.07145	-1.31872
2.21808	-1.46675
2.3071	-1.60754
2.47253	-1.84708
2.26019	-1.69647
1.99209	-1.3389
1.5011	-0.759801
1.4374	-0.707041
1.6179	-0.895835
1.79965	-1.18247
2.13381	-1.7739
2.46259	-2.26844
2.80942	-2.61882
3.32923	-3.86299
1.8611	-1.93696
1.74273	-1.67976
1.77716	-1.75937
1.71948	-1.45863
1.96843	-1.55623
0.164737	-0.058088
0.297324	0.161713
-0.220639	0.327824
-0.221231	0.20541
-0.0701767	0.205326
0.232297	0.322873
0.393566	0.0303915
0.0907717	-0.30139
0.324301	-0.409465
0.668534	-0.351011
0.244059	0.170905
0.128567	0.332449
-0.0322176	0.225411
0.0923887	0.0713236
-0.156749	0.258592
-0.292245	0.401086
-0.433661	0.338333
-0.721973	0.626208
-0.451256	0.595238
-0.434472	0.622616
-0.334946	0.427596
0.152997	0.222858
0.45408	-0.0582277
0.253918	-0.122732
0.255238	-0.0519236
0.962589	-0.815197
1.23374	-1.13166
2.07238	-2.05734
1.76707	-1.47758
2.02473	-1.93615
2.3119	-2.66563
2.02714	-2.40383
1.70468	-1.92554
1.79822	-2.19771
1.45351	-1.78824
1.18999	-1.53923
1.16341	-1.56021
1.25634	-1.70179
0.881565	-1.3077
0.657945	-1.09693
0.504598	-0.98327
0.539608	-1.0352
0.615644	-0.998255
0.76211	-1.08731
0.976709	-1.18983
1.43815	-1.47527
1.38241	-1.29486
1.72443	-1.33047
1.87453	-1.39483
1.96856	-1.49677
2.08451	-1.43596
2.30798	-1.58137
2.03743	-1.40983
1.52953	-0.540521
1.73654	-0.88965
2.55219	-2.00138
1.59545	-0.688708
1.25166	-0.312241
1.13432	-0.428492
1.0878	-0.479485
1.74292	-1.2102
1.48365	-1.30727
1.47968	-1.09018
1.59969	-1.30124
0.683776	-0.437411
0.375733	-0.04155
0.342919	0.3614
0.614875	0.506026
0.599695	0.712342
0.435706	0.415273
0.405874	0.427433
0.454125	0.48081
0.461476	0.318745
0.504395	0.17471
1.1702	-0.800722
1.98407	-1.4795
1.8192	-1.0455
2.40124	-1.79956
2.52501	-2.20226
2.59984	-2.30646
2.68821	-2.44792
2.92573	-2.99094
2.86375	-3.18844
2.92692	-3.52106
2.36605	-2.57186
2.01818	-1.86392
2.01104	-1.86218
1.812	-1.85399
1.11956	-1.13169
1.55955	-1.47126
1.05931	-0.731918
0.96411	-0.592753
1.09093	-0.622016
0.771729	-0.230337
0.638517	0.183479
0.952465	-0.370496
1.26249	-0.563475
1.41972	-0.601741
1.3479	-0.725836
1.49867	-1.0832
1.6505	-1.29407
1.32045	-1.23529
2.15629	-2.13258
2.64907	-3.03196
2.34387	-2.7552
2.03874	-2.2864
3.07772	-4.25735
2.51658	-3.34128
1.8206	-2.2198
1.24936	-1.23431
1.39473	-0.986388
2.45408	-2.47359
2.25255	-2.23331
2.21958	-2.24723
1.81491	-1.58131
1.87359	-1.76475
1.63019	-1.51745
1.63524	-1.66074
1.857	-1.76337
1.38874	-1.4278
1.54373	-1.7649
1.8068	-1.8647
1.71015	-1.9945
1.30891	-1.27249
1.52352	-1.65275
1.11742	-1.08467
1.21465	-1.04899
1.08181	-0.862867
1.54925	-1.25092
1.16228	-0.731389
0.992741	-0.534664
1.15936	-0.595761
0.900886	-0.184795
1.22964	-0.521944
0.828661	-0.278965
0.924768	-0.141068
1.06517	-0.269031
0.903721	-0.310934
1.07867	-0.312911
0.751149	-0.066161
0.793613	-0.0241738
0.938396	-0.176029
0.772704	-0.190627
1.09849	-0.105163
1.22135	-0.500444
0.98946	-0.434457
0.848971	-0.161773
1.04101	-0.338948
1.03991	-0.463456
1.07374	-0.747829
1.28573	-1.03899
1.65581	-1.70446
1.26841	-0.975225
1.2989	-1.07062
1.72749	-1.37971
1.36785	-1.05439
2.64363	-2.7062
2.69901	-2.48149
2.08247	-1.50152
1.96428	-1.20633
1.8771	-1.31844
1.87295	-1.09422
1.78263	-1.15745
1.51553	-0.894167
1.04701	-0.471345
1.20475	-0.707167
0.99634	-0.637838
0.932028	-0.770113
1.08796	-1.3419
0.921518	-1.21898
0.857611	-1.16792
0.909704	-0.978738
1.30069	-1.2858
1.1779	-0.845225
0.819152	-0.572089
0.711592	-0.541407
0.633403	-0.56837
0.957306	-0.598862
1.08326	-0.563451
0.956191	-0.179149
1.2696	-0.638885
1.39558	-1.01283
1.64503	-1.31378
1.70312	-1.20872
1.94239	-1.32409
1.59828	-0.691628
1.27631	-0.49485
1.07895	-0.471965
1.20481	-1.05781
0.803981	-0.886722
0.614745	-0.61242
0.540739	-0.123492
0.368211	0.224526
0.577594	0.396553
0.854541	0.596757
0.838927	0.705904
0.870836	0.857425
0.536897	0.678646
0.798242	0.952188
0.554991	0.595558
0.750193	0.740157
0.864325	0.460323
0.782725	0.312885
0.675764	-0.58467
1.36217	-1.49895
1.16248	-1.12397
1.01805	-0.753968
1.03783	-0.684251
0.980827	-0.5699
1.05119	-0.504815
1.21255	-0.604217
1.31262	-0.579619
1.37946	-0.644882
1.62706	-0.851677
1.75411	-1.00402
1.75034	-0.897899
1.82968	-0.859845
2.10052	-1.24425
1.88736	-0.978841
2.37151	-1.69842
2.07474	-1.08708
1.87246	-0.65513
2.07265	-0.871964
1.84928	-0.426484
1.63735	-0.186767
1.66192	-0.286219
1.93336	-0.752493
1.87903	-0.647057
1.95557	-0.781074
1.88586	-0.740068
1.3108	-0.419885
1.07341	-0.792263
1.72472	-1.5102
1.88909	-1.28564
1.63333	-0.824942
0.589006	-0.0124874
0.436465	-0.273604
-0.265011	0.217821
0.00881325	0.314219
0.0838526	0.518788
0.245064	0.368595
0.378752	0.50411
0.684393	0.595497
0.564927	0.664366
0.618499	0.561364
0.715406	0.739992
0.619832	0.204933
0.744482	-0.203183
0.852657	-0.498302
0.865025	-0.553547
1.32705	-0.91933
1.79868	-1.2381
2.10549	-1.2695
2.38803	-1.96692
2.69695	-2.60073
2.08721	-2.45257
2.43263	-3.02762
2.18038	-2.65104
2.27842	-2.79505
2.02595	-2.37421
2.0357	-2.4806
1.96558	-2.40973
1.83191	-2.2635
2.11716	-2.78479
2.39372	-3.1563
2.04161	-2.79082
1.37665	-1.93752
1.75567	-2.24911
1.88055	-2.26022
1.00164	-0.972742
1.1218	-0.974439
1.26188	-1.15626
1.28527	-1.15549
1.12077	-0.980103
1.5684	-1.63327
1.7613	-1.84928
1.88139	-2.06484
2.32597	-2.81615
2.06242	-2.66591
1.44804	-1.47181
0.832544	-0.753613
1.24433	-1.07888
1.11662	-1.00754
1.05635	-0.880017
0.327382	-0.104682
0.300783	0.327637
0.108654	0.321088
0.342728	0.229219
0.68173	-0.0607856
0.723859	0.11063
0.394487	-0.306773
0.499535	-0.323402
1.19596	-0.985568
1.97614	-1.82762
1.65305	-0.950897
1.3447	-0.57074
1.86792	-1.28264
2.42394	-2.26312
1.91746	-1.65798
1.74565	-1.49458
1.67013	-1.34682
1.17579	-0.734882
1.15764	-0.787342
1.09682	-0.622698
0.950748	-0.398067
1.09146	-0.206257
1.18579	-0.751567
1.01806	-0.819814
1.31575	-1.094
1.59615	-1.37788
2.88841	-3.16209
2.85696	-3.078
2.53519	-2.43421
2.47777	-2.26128
2.16853	-2.42815
2.29446	-2.69258
2.64903	-3.19032
2.37577	-2.88095
2.72061	-3.36255
2.40491	-2.85148
1.7719	-1.97415
0.88227	-1.09998
0.235001	-0.831428
-0.00168765	-0.769622
-0.121111	-0.852076
-0.089847	-0.930914
0.216631	-0.891113
0.654807	-0.898142
1.12761	-1.00185
1.61192	-1.49088
1.8777	-1.74052
2.11078	-2.04031
2.03918	-1.98587
2.21156	-2.20638
2.53754	-3.08101
2.21808	-2.8289
1.89067	-2.268
2.18578	-2.73737
2.38737	-3.03668
2.1827	-2.70746
2.6546	-2.95852
2.83259	-2.8436
2.65858	-2.33865
2.47738	-2.08253
2.32903	-1.88009
2.56703	-2.22288
2.62175	-2.20347
2.86476	-2.59997
3.27154	-3.59366
2.82112	-3.10219
2.83116	-2.9852
2.7004	-2.70174
2.20676	-1.76658
1.87322	-1.38606
1.57293	-1.33962
1.28356	-1.15333
1.37987	-1.02429
1.06312	-0.583662
0.927647	-0.504477
0.951407	-0.427149
0.905913	-0.678835
1.22768	-0.626816
0.87309	-0.264855
0.794565	-0.534715
1.26437	-0.777512
1.02957	-1.23278
1.22467	-1.19123
0.629339	-0.432023
0.450804	-0.395756
0.448157	-0.478039
0.464816	-0.408002
0.535174	-0.306232
0.762894	-0.422502
0.617444	-0.517618
0.626732	-0.41451
0.487559	-0.464074
0.629989	-0.348309
0.204606	-0.0222894
0.457675	0.0662734
0.67626	0.0847453
0.761143	0.281705
0.888671	0.156397
0.714846	-0.217868
0.762992	-0.60702
1.09091	-0.549502
1.93592	-0.722205
1.81349	-0.476975
2.0379	-0.781707
2.13425	-1.01297
2.89812	-2.49375
2.63165	-2.06752
2.50258	-1.76486
1.58808	-0.56803
1.49387	-0.769015
1.23046	-0.66638
0.00893731	0.0442473
0.0726618	0.257948
0.299745	0.52339
0.566184	0.677033
0.687472	0.859071
0.742916	0.86284
1.01945	1.07935
0.755271	0.579777
0.465688	0.655108
0.278118	0.246118
0.520674	0.0148746
0.85403	-0.47216
0.919034	-0.649761
1.47	-0.944527
1.69799	-0.602541
2.73024	-2.10261
2.78326	-2.4683
2.76687	-2.62432
1.82241	-1.32132
1.05481	-0.197318
0.766394	-0.134764
0.6892	-0.157264
0.737738	-0.242827
1.37824	-1.06704
1.32922	-1.05017
1.20647	-0.762914
1.08943	-0.867728
1.21861	-1.00498
1.20665	-0.829313
1.06752	-0.708699
1.80681	-1.6398
1.6263	-0.890196
1.93223	-1.49295
2.46514	-2.36531
2.25441	-2.01237
2.46615	-2.71036
2.47035	-2.60596
2.08014	-1.91378
2.10888	-2.08696
2.49512	-2.55039
2.13545	-1.99052
2.16738	-2.08186
1.85047	-1.83874
1.98041	-1.85029
1.26622	-0.603428
0.865969	0.203806
0.721034	-0.120748
0.868099	-0.399493
1.18198	-0.886059
0.963598	-0.914791
0.658623	-0.732983
1.26173	-1.32368
1.94517	-2.22431
2.0125	-2.20076
1.85168	-1.91695
1.74341	-1.74934
1.74397	-1.74164
1.70772	-1.66724
1.67941	-1.61073
1.57878	-1.6063
1.55077	-1.62869
1.81085	-1.84358
1.1762	-1.15161
1.27823	-1.13701
1.78291	-1.74423
1.96598	-2.03066
1.88235	-1.71743
1.42862	-1.59081
1.65595	-1.68952
1.50635	-1.45469
0.742485	-0.680685
0.498589	-0.241542
0.406642	0.130499
0.462987	0.272921
0.452427	0.413894
0.567761	0.726132
0.591546	0.421346
0.225334	0.298765
0.375964	0.47576
0.632748	0.483684
0.597456	0.469459
0.718919	0.551479
1.10136	-0.700224
0.945512	-0.229591
1.05796	-0.452413
0.909355	-0.118242
1.0954	-0.506804
1.01732	-0.429187
0.892868	-0.365323
0.959053	-0.447261
0.919831	-0.395069
1.20283	-0.718476
0.980651	-0.499815
1.30431	-0.709767
1.82407	-1.16014
2.13722	-1.06839
2.12464	-0.883092
1.9247	-0.757458
2.22371	-0.90523
1.82065	-1.01744
2.02895	-1.94343
2.42938	-2.52679
2.30601	-2.25862
2.46124	-2.73547
2.40099	-2.43789
2.74333	-2.51575
3.87461	-3.6301
3.99072	-3.9982
2.82766	-2.17905
3.12447	-2.81463
3.88078	-4.18251
3.4457	-3.22
2.91242	-2.23024
3.24483	-2.53209
3.46693	-2.85363
3.3573	-2.77244
2.61609	-1.81389
2.64553	-2.02069
2.3064	-1.54007
2.2044	-1.60128
1.2293	-0.833721
0.556363	-0.680493
0.562045	-0.410542
0.78857	-0.717653
0.712134	-0.512131
0.386192	-0.397557
0.4434	-0.195494
1.8103	-1.46195
2.38058	-1.98641
2.35268	-2.10168
1.74891	-1.04034
1.50494	-0.575298
2.14795	-1.27949
2.37948	-1.84254
2.52045	-2.21891
2.48553	-2.36388
1.78117	-1.34764
1.55095	-1.12287
1.16924	-0.713721
0.989172	-0.595782
0.911311	-0.758
1.03838	-1.24028
1.45379	-1.9199
2.32048	-2.16438
2.05909	-1.95021
2.16076	-2.2474
2.32658	-2.30837
1.46673	-1.24728
1.46318	-1.19016
1.29182	-0.87607
1.12984	-1.07834
0.411409	-0.278867
0.0919251	-0.0643225
0.224071	-0.142739
0.465404	0.302194
0.686444	0.570734
0.626639	0.566393
0.751803	0.545546
0.671322	0.0824916
0.646627	-0.225125
0.638555	-0.130382
0.711389	0.103276
0.865618	-0.262767
0.811441	-0.187562
1.07675	-0.254112
0.985286	-0.638378
1.18174	-1.38449
0.791767	-0.994136
1.11888	-1.56938
1.16911	-1.56541
1.46837	-1.88821
1.19135	-1.33612
0.272038	-0.495067
0.921071	-0.789451
1.58	-1.41867
1.50119	-1.30366
1.60778	-1.25745
1.37942	-0.870142
1.55059	-1.05106
1.63276	-1.15558
1.5744	-1.11356
1.77153	-1.48522
2.45738	-2.37209
2.25215	-1.76174
1.39035	-0.583981
1.32192	-0.737248
1.3784	-1.21543
1.6487	-1.73187
1.28797	-0.970509
1.24152	-1.05245
1.32477	-1.00708
1.34193	-1.00602
1.23001	-0.699624
1.02296	-0.392022
1.02246	-0.550888
1.92746	-1.50784
2.08905	-1.51166
2.013	-1.51895
2.4376	-2.32065
2.7427	-2.67128
2.33393	-2.15717
2.23433	-1.90939
1.92072	-1.42908
1.66633	-1.13865
1.15691	-0.796389
1.40368	-1.0197
1.29516	-0.708491
1.26701	-0.978215
1.13532	-0.743814
1.12392	-0.555782
1.30088	-0.875642
1.46949	-1.19304
3.28028	-3.51988
2.61558	-2.47599
2.21745	-1.8271
2.25651	-1.74724
2.78095	-2.75388
3.07183	-3.75226
2.96382	-3.67373
2.86173	-3.45636
3.09357	-3.84588
2.62521	-2.69405
2.58659	-2.31017
1.77652	-1.03861
1.89856	-1.25337
1.7881	-1.13494
1.8306	-1.26573
1.93047	-1.48849
2.12559	-1.85406
2.57706	-2.59706
2.46745	-2.43979
2.0358	-1.77703
1.71948	-1.27459
1.80192	-1.3344
1.64734	-0.956261
1.52004	-0.904255
1.14672	-0.5082
1.02419	-0.369867
0.598082	-0.562699
0.666807	-0.947263
0.257227	-0.588016
0.327081	-0.818618
0.243833	-0.868521
0.304858	-0.937321
0.593298	-1.15212
0.679995	-0.926551
1.18646	-1.2429
1.03794	-1.12286
1.14688	-0.883855
1.45595	-1.23954
1.07064	-1.04942
1.09074	-0.96715
0.944108	-0.884944
1.11557	-1.11652
1.14181	-1.21933
0.909095	-0.916794
1.11253	-0.85038
1.48632	-1.24486
2.00611	-1.78953
3.19831	-3.52863
2.59025	-2.30946
2.40299	-1.86189
2.4939	-1.77618
2.55021	-1.64426
2.03	-1.06509
1.89592	-1.3292
1.63902	-1.4494
1.8	-1.80884
1.51552	-1.23807
1.02233	-0.599838
1.15086	-0.719187
0.763554	-0.199224
0.844824	-0.0880115
0.884439	-0.240576
1.4462	-0.967327
1.43997	-0.896029
1.27646	-0.669082
1.26034	-0.668764
2.15861	-1.2768
2.06548	-1.00123
1.57136	-1.01891
2.21003	-2.46727
2.00863	-2.28449
2.36441	-2.79213
2.38101	-2.77899
2.40706	-2.87272
1.89826	-2.09504
2.22437	-2.71204
2.29104	-2.62801
2.26983	-2.56277
2.428	-2.87706
2.49677	-3.17581
2.36329	-2.85942
1.88313	-1.95871
1.78936	-1.32777
1.63084	-1.02422
2.00145	-1.49051
2.69161	-2.58575
3.16197	-3.24823
3.0508	-3.15129
1.92647	-1.32998
1.83228	-1.57054
1.53948	-1.40139
1.45381	-1.65416
1.6629	-1.88593
2.16457	-2.64001
2.1478	-2.60194
1.87544	-2.09846
1.48475	-1.37329
1.89402	-1.87677
2.12308	-2.04079
1.70269	-0.963484
1.1072	-0.213684
1.0067	-0.549053
0.121647	0.303511
-0.132904	0.0638134
-0.081377	0.17874
-0.182353	0.333073
0.345392	0.640965
0.459658	0.602481
0.167391	0.737491
0.260251	0.599735
0.184515	0.479906
0.647726	-0.134341
1.58589	-0.764944
1.40932	-0.557889
1.57296	-0.892569
1.87855	-1.18534
2.3843	-1.88379
2.16697	-1.47908
2.05329	-1.40015
1.18437	-0.965861
1.0765	-1.18534
0.912684	-0.383055
0.828334	-0.443253
0.586979	-0.40169
0.580683	-0.455298
1.81133	-1.57542
2.44189	-2.19006
2.20495	-1.95348
2.04235	-1.66576
1.9694	-1.49471
2.35284	-2.06057
2.94831	-2.96975
3.00089	-3.01421
2.91588	-2.90093
2.84848	-2.74762
2.88009	-2.76308
3.13892	-3.317
3.16229	-3.518
2.71545	-2.51073
2.63775	-2.43155
2.30269	-2.12908
2.5544	-2.74693
1.76391	-1.57382
2.23023	-2.44057
2.10022	-1.9584
2.21356	-2.46945
1.6827	-1.61073
1.45375	-1.45025
1.63054	-1.50141
1.44034	-1.2992
1.09608	-0.954059
1.11606	-0.812694
1.10258	-0.670326
0.960992	-0.735707
0.764346	-0.0738132
1.26037	0.547576
1.15849	-0.285222
1.14259	-0.5688
0.940859	-0.27842
0.921471	-0.239414
1.00448	-0.421595
1.0385	-0.375862
0.896586	-0.170487
0.922888	-0.378643
1.01135	-0.27015
0.935275	-0.157908
0.854896	-0.149107
1.08547	-0.236424
0.841415	-0.234452
0.705404	-0.0103772
0.725599	-0.128371
0.918031	-0.325861
0.954405	-0.1714
0.887968	0.0860921
0.841814	-0.0784995
0.832575	-0.442941
1.38407	-0.916257
1.99516	-1.88799
2.32355	-2.48711
2.1472	-2.45446
1.97125	-2.26401
2.04604	-2.4444
1.68142	-2.18045
1.65561	-2.06992
1.7323	-2.14637
1.64772	-1.96678
1.74591	-2.15997
1.73114	-2.09707
1.61486	-1.81588
1.71329	-2.03846
1.62728	-1.90798
1.66858	-1.91885
1.7357	-1.72633
2.43479	-2.23416
2.07333	-1.28974
1.60511	-0.431401
1.29835	0.0681763
0.276606	0.463273
-0.250925	0.0832289
0.104169	0.0285661
0.437658	0.345374
0.480942	0.592994
0.663832	0.687228
0.425749	0.764321
0.62045	0.56137
0.650935	0.561721
0.511957	0.267073
0.769784	-0.300787
1.59894	-1.56807
2.78126	-2.76595
2.12505	-1.54203
2.18098	-1.8286
1.81645	-1.4597
1.32456	-0.854358
1.10543	-0.738456
0.74584	-0.582658
0.495037	-0.640045
0.240318	-0.705442
0.0976718	-0.876675
1.0764	-0.719147
1.5096	-1.13177
1.13833	-0.927066
1.47646	-1.23228
0.979596	-0.865901
1.10139	-1.03873
1.07134	-1.08798
0.715198	-0.799452
1.14899	-1.1639
0.909224	-0.635162
1.16411	-1.00372
1.76985	-1.37828
2.3537	-2.19036
2.70441	-2.60606
2.82761	-2.72308
2.82382	-2.97275
2.46149	-2.54981
2.06027	-2.00884
1.86655	-1.65761
1.86318	-1.48893
1.82032	-1.41651
2.13926	-1.87684
2.21306	-2.04573
2.0647	-1.83342
1.74855	-1.34149
2.12716	-1.77837
1.58203	-1.27892
1.35672	-0.912535
1.49175	-0.726978
1.25481	-0.335396
1.22634	-0.535178
1.21775	-0.582149
1.38186	-0.828096
1.27029	-0.823202
1.59944	-1.46489
2.02341	-2.18029
2.50473	-2.24115
2.5087	-2.43934
2.34188	-2.25838
2.40963	-2.32804
2.42922	-2.67562
1.97049	-1.88876
1.65822	-1.09427
1.75972	-1.18166
1.93602	-1.37279
1.83035	-1.91474
2.24208	-2.86986
1.91751	-2.42017
2.2175	-2.80996
2.54019	-3.42086
2.70809	-3.5827
1.70597	-1.8335
1.37939	-1.06259
2.89013	-2.69255
2.51723	-1.97363
2.76402	-2.39668
2.63848	-2.24382
2.32266	-1.99936
2.66132	-2.1699
1.52356	-1.07522
0.332816	-0.0583384
0.0485542	0.274553
0.157989	0.586906
0.259966	0.598136
0.540264	0.688846
0.903603	0.851106
0.979642	0.772586
0.65566	0.305322
0.688681	0.234881
0.63554	0.109603
0.70552	-0.615782
1.19297	-1.01482
1.72941	-1.21697
2.37607	-2.17793
2.23125	-1.98512
2.45614	-2.33788
2.1518	-1.75195
2.00961	-1.60373
1.91606	-1.49027
1.82886	-1.34482
2.24461	-1.87798
2.52681	-2.34519
2.65478	-2.38757
2.47393	-2.04482
2.46642	-1.91686
2.09492	-1.15479
2.18721	-1.62957
2.38649	-2.25992
1.73073	-2.19507
1.34491	-1.30459
1.84211	-2.05073
2.33361	-2.46956
1.48816	-1.11956
1.73943	-1.48059
2.2669	-1.73111
2.24607	-1.90264
2.7636	-2.77635
2.43037	-2.68618
2.00408	-1.97391
1.74365	-1.68265
1.5145	-1.56501
1.20526	-1.27155
0.860477	-1.0258
0.411411	-0.659918
0.236238	-0.814421
0.308913	-0.651334
0.426176	-0.591135
0.246948	-0.822355
0.349889	-0.793019
0.0285423	-0.781092
0.214246	-1.1068
0.224616	-1.06869
0.320547	-1.23472
0.417545	-1.19022
0.473158	-1.07682
0.618559	-1.10399
0.754754	-1.05527
0.782652	-0.840906
1.39206	-1.38759
1.51534	-1.60581
1.46223	-1.54824
1.33208	-1.33816
1.37154	-1.36585
1.659	-1.93765
1.30016	-1.27256
1.53901	-1.50914
1.43336	-1.3577
1.46658	-1.28233
1.20187	-0.913799
1.37418	-1.23981
1.0767	-0.529454
0.848908	-0.17723
0.869236	-0.0974726
1.10925	-0.519858
0.940491	-0.252366
0.952345	-0.248868
1.05729	-0.441338
0.678659	0.0218843
0.975033	-0.353843
1.00728	-0.458768
0.933035	-0.246164
1.09419	-0.574963
0.729693	-0.0136071
1.08965	-0.348712
0.940603	-0.270874
1.10933	-0.429795
0.980841	-0.284999
1.07015	-0.181233
0.933562	-0.208297
1.00345	-0.207922
0.931512	-0.192783
1.01319	-0.172042
1.02653	-0.439875
1.23358	-1.1833
1.27508	-1.2235
0.990863	-0.915972
0.910831	-0.890309
1.39946	-1.52672
1.31935	-1.14419
0.994788	-1.05705
1.19722	-1.5274
1.02827	-1.11311
0.150566	-0.0329062
0.0563902	-0.228155
0.108739	-0.0397288
0.332325	0.181571
0.346711	0.396448
0.571625	0.345447
0.591344	0.21574
0.553993	0.099105
0.478117	-0.241289
0.995326	-0.850789
1.07997	-1.07877
1.23432	-1.12801
1.39482	-1.36019
1.27966	-1.19654
1.79788	-2.01283
2.01165	-2.47783
1.87607	-2.30297
1.90622	-2.17137
2.12604	-1.99401
2.1453	-2.05715
2.30523	-2.30188
2.06671	-1.73001
2.24508	-2.06675
1.746	-1.27377
1.32871	-0.63834
1.74395	-1.32074
1.42155	-1.13248
0.85996	-1.35953
1.13207	-1.79682
1.06671	-1.60937
1.56366	-2.09491
1.85881	-2.37503
1.7412	-1.84113
1.69444	-1.53661
1.78492	-1.4783
1.76329	-1.35601
1.67554	-1.19171
1.52198	-0.840515
1.69439	-0.985173
1.46176	-0.631569
1.70032	-0.632097
1.65294	-0.616755
1.78421	-0.991915
1.68761	-1.40644
1.46809	-1.08649
1.20805	-0.677698
0.861553	-0.587423
1.16668	-1.0282
1.36495	-0.429276
1.06962	-0.188947
1.07707	-0.261257
1.20615	-0.473226
1.35118	-0.810466
1.5266	-1.03669
2.01859	-1.83156
2.47154	-2.75961
2.58898	-3.0739
2.3393	-2.57509
2.13489	-2.36201
1.66628	-1.7558
1.91303	-1.97849
1.84284	-1.93565
1.27579	-1.04336
0.73854	-0.497437
1.03652	-0.848951
0.856548	-0.442042
1.21215	0.0133732
0.985947	-0.276164
0.523525	-0.443694
1.6642	-1.7591
1.2091	-1.10148
1.0947	-0.867055
1.72729	-1.33223
2.2456	-1.83521
2.25968	-1.9376
2.14933	-2.28489
2.31054	-2.36979
2.57436	-2.78286
2.54332	-2.82179
2.79675	-3.30809
2.71126	-3.08968
2.77846	-3.23407
3.04279	-3.46077
2.89661	-2.59244
2.50946	-1.88455
2.30969	-1.80201
2.42635	-2.28556
2.03627	-1.74344
1.51735	-1.18253
1.03793	-0.842763
0.87715	-0.890089
0.591994	-0.793911
0.353579	-0.873356
0.50707	-1.13316
0.315949	-0.971084
0.258652	-0.930933
0.230316	-0.90611
0.224147	-0.887327
0.203615	-0.911229
0.257989	-0.837457
0.302935	-0.871923
0.376937	-0.858112
0.824499	-1.18127
1.41474	-1.72607
1.57789	-1.71786
1.6085	-1.56142
1.90738	-1.82002
2.17052	-2.04241
2.74697	-2.59054
3.34467	-3.53236
2.47389	-2.55982
2.19606	-2.06548
2.01372	-1.90419
2.20552	-2.32717
1.77048	-1.91251
1.74061	-1.8344
1.48352	-1.50401
1.26981	-1.28215
1.2084	-1.18769
1.00164	-0.753534
1.1776	-1.00566
1.37396	-1.05323
1.08432	-0.557351
0.891569	-0.335149
1.03267	-0.374606
1.03316	-0.715609
0.999949	-0.887137
2.28388	-1.60509
2.12542	-1.43811
2.24911	-1.91144
2.6626	-2.52273
1.99396	-1.54013
2.36087	-2.20651
2.79411	-2.90865
3.10388	-3.09878
1.53784	-0.947246
1.89504	-1.31472
1.46074	-0.736563
1.28296	-0.724831
1.16429	-0.797973
1.06503	-0.654639
0.552547	0.16395
0.0611896	0.396478
-0.0392283	0.573681
-0.028185	0.334353
0.62508	0.305889
0.614813	-0.234212
0.506432	-0.31652
0.821	-0.153729
0.62736	-0.188947
0.644013	-0.285733
0.767821	-0.120365
1.01957	-0.172474
0.7795	-0.143615
0.8728	-0.255339
1.1354	-0.857616
1.29694	-1.1608
0.828486	-0.757339
1.02502	-0.968793
0.810019	-0.847119
0.368002	-0.550176
0.25484	-0.51248
-0.293483	-0.165091
0.0421697	0.0259537
0.182901	0.258296
0.0962557	0.3851
0.576375	0.50683
0.680206	0.707211
0.602405	0.552045
0.560522	0.683279
0.714227	0.783849
0.580233	0.189603
0.424791	-0.616474
0.697871	-1.0966
0.550801	-1.00314
0.594531	-1.07714
0.603184	-1.17966
0.776135	-1.37706
1.18126	-1.49002
1.68082	-2.19735
1.89677	-2.26939
2.49972	-2.93706
1.49022	-1.21321
1.4793	-1.24003
1.61209	-1.14697
1.27676	-0.798297
1.26315	-0.790785
1.12997	-0.896737
1.14917	-0.921786
1.22765	-1.26286
1.07946	-0.930822
1.41173	-1.36002
2.94422	-3.64163
2.85392	-3.42015
2.74932	-3.21145
2.22991	-2.42001
1.68925	-1.72985
1.4281	-1.41777
1.22647	-1.31171
0.945427	-0.557182
1.83196	-1.32989
2.02793	-1.41642
1.61243	-1.27732
1.75336	-1.23246
1.88314	-1.04958
2.15825	-1.70668
1.88749	-1.43229
1.9226	-1.51686
1.41047	-1.03302
1.45917	-1.08623
1.24372	-0.883314
1.38894	-1.14452
1.09984	-0.977986
0.164729	0.087159
0.341048	0.442907
0.372701	0.434741
0.405718	0.623761
0.780236	0.710681
0.70679	0.626696
0.589368	0.53326
0.396556	0.41753
0.362082	0.332949
0.494342	0.355942
0.575721	0.51153
0.20938	0.545309
0.0166364	0.271697
0.0875136	0.293321
0.172548	0.548676
-0.00711461	0.586989
-0.0006398	0.389246
0.259788	0.356737
0.495928	0.161834
0.803931	-0.0848779
0.945611	-0.38586
0.852279	-0.243948
0.852711	-0.312661
0.883218	-0.160652
1.24271	-0.8949
0.836459	-0.389127
1.01225	-0.56575
0.851595	-0.196912
0.854257	-0.22753
0.987602	-0.399165
0.909955	-0.154458
1.17033	-0.234775
1.05915	-0.0156853
1.11211	-0.0931879
0.949796	-0.0954527
1.17902	-0.347972
1.07677	-0.317994
1.14555	-0.210666
1.25722	-0.292647
1.05866	-0.281132
1.1288	-0.180399
1.05663	-0.111713
0.915728	-0.0437917
1.21591	-0.475696
1.04465	-0.587425
1.29914	-0.449669
1.19864	-0.446076
0.92441	-0.454329
0.894571	-0.406013
0.350349	-0.170564
0.461697	-0.432457
0.73657	-0.486507
0.784999	-0.292446
0.775869	-0.350206
-0.495277	-0.902669
-0.45919	-0.974487
-0.29244	-0.982079
-0.462448	-1.05473
-0.205309	-0.927036
-0.310664	-0.903604
-0.350001	-0.917099
-0.252499	-0.893015
-0.143364	-0.983233
-0.324615	-0.834191
0.543599	-0.844941
0.691203	-0.575612
0.989757	-0.568072
0.987215	-0.719409
0.766411	-0.311422
0.810612	-0.438003
0.934571	0.126993
0.647676	-0.16319
-0.140266	-0.708238
0.368896	-1.11335
0.595983	-1.03839
0.735698	-0.951249
1.13234	-1.29609
1.26795	-1.30657
1.587	-1.77307
1.64897	-1.91533
1.70408	-2.11993
1.36788	-1.78033
1.08776	-1.56955
0.687745	-1.32351
0.240161	-1.05995
0.114166	-0.797546
1.14594	-1.41316
2.04903	-2.11716
1.98511	-2.07499
1.73928	-1.93379
1.80678	-1.88559
1.11709	-1.36018
0.342202	-0.937627
0.254906	-0.935115
0.582711	-0.878098
0.975262	-0.975688
1.35038	-1.26297
1.11395	-0.790609
1.5604	-1.39376
1.43857	-1.05456
1.40316	-0.884956
1.48047	-0.94183
1.21197	-0.669309
1.44124	-1.29955
2.21232	-2.67595
1.65085	-1.62458
0.493428	-0.390464
0.422576	-0.394539
0.560816	0.0486244
0.611386	0.18209
0.553016	0.222215
0.719545	0.283837
0.81769	-0.0820404
0.911335	-0.319581
1.21843	-0.867869
2.8902	-2.88115
2.53094	-2.28207
2.36308	-1.92819
2.76375	-2.35915
2.79992	-2.59649
3.04207	-3.10098
2.65817	-2.49729
2.28469	-1.97981
1.61423	-1.50069
2.25133	-2.57909
1.87137	-2.04985
1.84352	-2.05574
2.49239	-3.06227
2.87504	-3.6293
2.72579	-3.20021
2.69286	-3.26996
3.18393	-4.05106
3.18245	-3.96449
2.87805	-3.49597
1.84192	-1.79825
1.7875	-1.76415
1.56422	-1.68932
1.45415	-1.76552
1.28158	-1.71421
1.35344	-1.80538
1.80219	-2.06946
2.109	-2.31592
2.39085	-2.58668
1.88413	-1.61359
1.77911	-1.29372
1.42303	-0.983456
0.406163	-0.215572
-0.21183	-0.210103
-0.333768	-0.233191
-0.179437	-0.015228
0.00460928	0.225054
0.166989	0.529382
0.235846	0.247191
0.262349	0.0399487
0.597869	-0.468219
1.65604	-0.948891
1.55901	-0.779736
1.71481	-0.921995
2.178	-1.69517
2.13875	-1.8885
2.41607	-2.75325
1.99818	-2.25423
1.99039	-2.32411
2.05661	-2.38977
2.5628	-3.07464
2.98542	-3.82837
2.9306	-3.69097
2.56291	-2.87993
3.032	-3.58695
3.58684	-4.30808
3.41973	-3.85974
1.92486	-1.6512
0.385173	-0.218503
-0.119877	-0.266683
-0.115607	-0.13928
-0.0593259	0.224779
0.336129	0.588707
0.247599	0.389574
0.565006	0.689351
0.692515	0.747848
0.750675	0.534692
0.595275	0.281422
0.557735	0.213367
1.34939	-0.717074
1.52609	-0.897374
1.84077	-0.782784
3.02089	-2.22577
2.94351	-2.70444
2.92721	-2.91657
2.90027	-3.34438
3.27716	-3.99949
3.25882	-3.93536
3.02808	-3.447
2.87996	-3.22551
2.52129	-2.64855
1.9168	-1.76001
1.54522	-1.25969
1.41351	-1.09164
1.59267	-1.52049
1.10476	-0.709627
1.14121	-0.861649
0.829683	-0.071698
1.00395	0.135606
0.770813	-0.304909
0.7298	-0.31749
1.47761	-1.57823
1.41944	-1.49222
0.746153	-1.04682
1.29046	-1.34911
1.1348	-1.17395
1.4373	-1.4236
1.72556	-1.73612
1.86311	-1.93599
2.03612	-2.23488
1.87217	-2.08226
1.77423	-1.9479
1.93048	-2.07221
2.02351	-2.21913
2.04288	-2.21633
2.31024	-2.53475
2.6259	-2.66792
1.97438	-1.71471
1.67939	-1.44762
2.1681	-2.01878
1.73518	-1.53834
2.03449	-1.70882
2.21245	-2.19766
1.51127	-1.58265
0.837798	-1.49392
0.0151972	-0.672354
-0.0457203	-0.765186
0.169677	-0.826734
0.0242423	-0.583934
0.0207688	-0.75463
0.077426	-0.804815
0.341856	-0.511476
0.504077	-0.673544
0.00918891	-0.109505
-0.0950726	-0.0751632
0.199096	0.0339659
-0.0782034	0.0832584
-0.249964	0.0844537
-0.18243	0.257445
0.0689961	0.136275
0.0639725	0.10673
0.322714	0.226661
0.254678	0.329386
0.155463	0.176913
0.230413	0.166693
-0.076646	0.246828
-0.0783398	0.254142
0.0443545	0.254731
0.181436	-0.0407398
0.379071	-0.0856697
0.519438	-0.0663006
0.915146	-0.459159
0.658383	-0.170244
0.973996	-0.52997
0.934446	-0.446003
1.03689	-0.455781
0.992967	-0.359641
1.26015	-0.769846
0.863291	-0.487554
0.829207	-0.529027
1.02876	-0.43333
1.08086	-0.390722
0.874215	-0.428131
0.95178	-0.369546
0.76106	-0.174876
1.062	-0.373747
1.00578	-0.321733
0.835799	0.0440061
1.16481	-0.212541
1.03415	-0.0890151
1.05088	-0.336153
0.562614	0.148346
0.414916	0.419348
0.393868	0.415552
0.331254	0.271065
0.509247	0.525438
0.658365	0.490908
0.62909	0.55762
0.434552	0.299633
0.301969	-0.0329239
0.373115	-0.843161
0.590186	-1.02246
0.825848	-1.33113
0.63949	-1.18957
0.511348	-1.11426
0.727075	-1.34834
0.215138	-0.824083
0.0713826	-0.625934
-0.0438706	-0.584964
0.125215	-0.0902916
0.342499	0.111424
0.473411	0.314253
0.512707	0.426364
0.703228	0.440938
0.634581	0.46329
0.634278	0.454017
1.01186	0.393816
0.615187	-0.0178671
1.0336	-0.829821
1.55285	-1.27117
2.42752	-2.22319
2.53373	-2.43907
2.3316	-2.18703
1.73234	-1.18477
1.83308	-1.32396
1.68265	-1.09255
1.69719	-1.09426
1.94935	-1.47636
2.05304	-1.68169
2.07276	-1.74198
1.9863	-1.59624
1.92292	-1.56655
1.80718	-1.43079
1.62942	-1.2996
1.44622	-1.20268
1.34613	-1.11017
1.84517	-1.72594
2.0901	-2.39291
1.93587	-2.10755
1.70218	-1.61675
2.00676	-1.75521
2.27013	-2.16808
2.14483	-1.88557
1.53672	-0.943175
1.4382	-1.08188
1.72013	-1.60939
1.29636	-1.20442
0.168989	0.0920381
-0.0106015	0.256803
0.278908	0.0948252
0.432902	0.392603
0.410871	0.40484
0.357745	0.426789
0.775468	0.583275
0.830606	0.400417
0.601579	0.360845
0.554115	-0.174548
1.63868	-1.63436
0.825626	-0.377967
0.926659	-0.308058
0.763528	-0.0928111
0.765601	-0.109202
0.929658	-0.305032
1.21277	-0.547369
0.994221	-0.172448
0.907419	-0.163514
1.03096	-0.308004
1.36947	-1.05601
1.25322	-1.0674
1.75719	-1.21774
2.44385	-2.29595
2.39228	-2.40927
2.19619	-1.97953
2.13956	-1.90801
2.62512	-2.91248
2.75439	-3.47373
2.41151	-2.92615
2.57154	-3.24381
2.57749	-3.13943
2.58748	-3.10622
2.277	-2.38976
2.20291	-2.2466
2.48931	-2.74097
2.65109	-2.86968
3.07019	-3.85367
2.62082	-2.99247
2.90875	-3.32173
2.91491	-3.48133
2.48037	-2.86696
2.16937	-2.25378
1.74516	-1.68532
1.4382	-1.3694
1.30657	-1.24054
1.18727	-1.1252
1.17651	-1.12839
1.12217	-1.11068
1.10785	-1.11159
1.17293	-1.18386
1.25136	-1.28285
1.34346	-1.38513
1.67085	-1.78614
1.96523	-2.16694
2.63704	-2.91633
1.87595	-1.52118
1.53525	-1.07549
1.75927	-1.83092
0.962297	-0.653446
0.296135	-0.0792375
0.20274	-0.00623783
0.345296	0.117321
0.480879	0.179758
0.288579	0.275848
0.397779	0.491225
0.404271	0.25198
0.51881	0.471934
0.51378	0.567378
0.537041	0.514824
0.217753	0.270126
0.276004	0.0541146
1.07606	-0.409605
1.23766	-0.430446
0.922562	-0.171987
1.00485	-0.282901
0.901935	-0.155203
0.897524	-0.108823
0.86373	-0.145353
1.03295	-0.203804
0.963497	-0.139572
1.03323	-1.02169
1.19745	-1.59208
0.989648	-0.700464
0.805743	-0.911849
0.528092	-0.772897
1.52979	-1.64233
1.91821	-1.64605
1.82248	-1.29949
1.49	-0.776255
2.2235	-1.6246
2.64846	-2.11608
2.00373	-1.51017
1.78962	-1.0474
1.41772	-0.713526
0.902842	-0.35386
0.948245	-0.450947
0.790452	-0.497694
0.949215	-0.803993
0.795548	-0.944663
0.746205	-1.10151
0.591	-1.03594
0.431619	-0.953848
0.440629	-0.830873
0.426712	-0.715939
1.05325	-1.10004
1.2927	-1.09241
1.25356	-0.879178
1.10423	-1.11273
1.06544	-0.837913
1.31275	-1.15106
1.36252	-1.05118
1.20495	-1.11187
1.17311	-1.16825
0.898819	-0.903255
0.903403	-0.733964
0.746246	-0.719716
0.518835	-0.865249
0.279538	-0.879299
0.320382	-1.04551
0.256328	-1.0206
0.147343	-1.03408
0.15467	-1.04881
0.204002	-1.04749
0.180203	-1.02866
0.122694	-1.03982
0.106631	-1.08307
0.127597	-1.05773
0.220382	-1.0617
0.31693	-1.03172
0.426359	-1.00104
0.62792	-1.09066
0.826105	-1.13475
1.09588	-1.2487
1.20728	-1.23525
1.44324	-1.31679
1.61795	-1.45844
2.38438	-2.41413
1.76796	-1.45156
1.76775	-1.56164
2.02786	-1.73478
2.3901	-2.08539
1.95878	-1.81048
1.54874	-1.31018
1.39421	-1.08087
0.582611	-0.518201
0.486182	-0.0120408
0.696657	-0.038991
0.760823	0.215086
0.617049	0.464506
0.678227	0.422561
0.508816	0.407041
0.559988	0.475127
0.577803	0.517719
0.626461	0.657433
0.34978	0.153187
0.157339	0.0380734
0.233513	0.345358
0.231464	0.491688
0.263355	0.6305
0.489626	0.810965
0.553459	0.505923
0.791814	-0.0548985
0.725447	-0.0824853
0.941235	-0.321238
0.932887	-0.145725
0.798395	-0.0946558
0.992294	-0.417931
0.807988	-0.198825
0.892761	-0.298163
1.03075	-0.319716
1.20063	-0.339831
1.15548	-0.412004
0.770289	0.114683
0.98826	0.172275
0.987496	0.0865267
0.970682	0.146843
1.03397	0.344165
1.14857	0.0561742
0.850877	-0.898383
0.964773	-0.922384
1.20051	-1.18381
0.909117	-0.89309
0.871533	-0.920175
0.828811	-0.97818
0.716715	-0.967818
0.752759	-1.12867
0.648541	-1.05188
0.628732	-0.99356
0.734492	-1.0797
0.892609	-1.14536
0.970533	-1.12547
1.17259	-1.23568
1.39451	-1.43245
1.79735	-1.87223
1.96766	-1.87747
2.35116	-2.29879
3.1096	-3.84331
2.7302	-3.05645
2.85357	-3.24744
2.69322	-3.08544
2.55492	-2.64492
2.72617	-3.02216
1.69241	-1.26273
1.54195	-1.0775
1.98753	-1.62864
2.14709	-1.92074
2.44069	-2.25185
2.36301	-2.14839
2.42432	-2.21245
2.57881	-2.60774
2.31469	-2.2467
2.28272	-2.18253
2.15324	-1.93425
2.20831	-1.91729
2.6393	-2.47594
3.20638	-3.30044
3.16596	-3.76505
2.67856	-3.21991
2.21821	-2.21628
2.32897	-2.40359
2.04272	-1.96582
1.88117	-1.73903
2.14427	-2.23824
0.461678	-0.378835
0.357695	-0.117032
0.079038	0.269748
0.297462	0.144236
0.635305	0.286661
0.334349	0.244726
0.399653	0.162217
0.367642	0.16766
1.15174	-0.711737
1.27236	-1.04327
1.62603	-1.45579
2.28059	-1.9771
2.34278	-1.78559
1.91288	-1.45781
2.01415	-1.56018
1.87409	-1.36339
1.72813	-1.15977
1.7707	-1.24116
1.79404	-1.33504
1.76372	-1.24659
2.17389	-1.80899
1.96226	-1.26025
1.57202	-1.03316
1.55788	-1.20372
1.21865	-0.461992
1.20695	-0.614343
0.779046	-0.0606822
0.600347	-0.338632
1.53344	-1.05071
1.68127	-0.942722
1.76735	-1.26862
2.10938	-1.57246
1.72894	-1.18359
2.12565	-1.78167
2.42013	-2.10589
2.21413	-2.02185
2.00353	-1.56109
1.54938	-1.0057
1.45437	-0.888071
1.61912	-1.23201
0.0448058	0.018586
0.0167262	0.0909633
-0.362763	0.0862036
-0.184415	-0.351288
-0.331461	-0.141001
-0.256989	-0.149461
0.319258	-0.0997154
1.43892	-1.17308
1.65396	-1.33076
1.53909	-1.15834
1.35127	-0.954569
1.95325	-2.00015
2.51539	-2.90877
2.07363	-2.33727
2.21577	-2.72387
2.43964	-3.06715
2.58835	-3.20352
2.21242	-2.23721
1.86178	-1.27683
2.77269	-2.38333
2.47842	-1.96989
2.64468	-2.39658
2.36202	-2.07175
2.01032	-2.54404
2.052	-2.56788
2.22419	-2.87405
2.01778	-2.42812
1.43231	-1.73968
1.48722	-1.45319
1.37948	-1.01197
1.26138	-0.976725
0.425777	0.0498508
0.713865	-0.0550003
0.999672	-0.453672
1.03825	-0.557028
1.4283	-0.808175
1.47082	-0.933355
1.81408	-1.17676
1.60967	-1.01668
1.69971	-1.034
1.48357	-0.723497
1.24754	-0.421599
1.12341	-0.976921
1.3287	-1.18286
1.24241	-0.929711
1.1932	-0.751624
0.761019	-0.0741645
1.03923	-0.255658
0.92101	-0.445014
0.757521	-0.202058
1.46421	-1.09847
2.10359	-1.46622
2.42949	-1.8031
2.21473	-1.40862
2.29699	-1.79813
2.87336	-2.99486
2.69484	-2.8326
2.64586	-2.81087
2.58583	-2.66849
2.61388	-2.65816
2.15601	-2.19174
2.03887	-2.10769
1.90131	-1.86593
1.58919	-1.4288
1.62842	-1.43235
0.771365	-0.723831
0.760588	-0.453196
0.376232	-0.543291
0.199423	-0.746776
0.487494	-0.995685
0.691006	-1.19226
0.698468	-1.08286
0.240623	-1.11361
0.249117	-1.20326
0.238662	-1.19183
0.432131	-1.43935
0.164449	-1.14304
0.21957	-1.09041
0.239028	-1.17395
0.428032	-1.27683
0.55658	-1.44021
0.534368	-1.2813
0.556137	-1.15382
0.887308	-1.22381
0.970932	-1.33323
1.24406	-1.2958
1.65092	-1.4223
1.97278	-1.59928
1.86899	-1.48937
1.94848	-1.4716
2.26177	-1.80062
2.47056	-1.88569
2.13783	-1.38026
1.93682	-1.28816
1.71852	-1.12382
1.76387	-1.15235
1.34476	-0.775256
1.43709	-0.583027
1.27963	-0.513753
1.1553	-0.429368
1.1235	-0.436636
1.21742	-0.730824
1.04389	-0.303743
1.1823	-0.44138
1.05709	-0.217475
0.914699	-0.159262
0.925649	-0.344259
1.16317	-0.311381
1.03054	-0.133799
1.03042	-0.262618
0.950269	-0.35468
1.13856	-0.196404
1.08537	-0.223685
1.0065	-0.233493
1.09045	-0.325962
0.83165	0.00763114
0.696247	0.0882142
0.816993	-0.0986612
0.841596	-0.134773
1.00442	-0.314605
0.863716	-0.300612
1.29539	-0.804054
0.983087	-0.551676
0.58363	-0.4126
0.7937	-0.621943
1.80786	-1.59156
1.84262	-1.87594
2.41275	-2.72498
1.21389	-1.30541
1.86498	-1.72858
2.73592	-2.79044
2.34895	-2.17413
2.02582	-1.57463
2.25811	-1.75101
2.4538	-2.02826
2.03934	-1.48343
1.68618	-1.25415
0.0933515	-0.110876
0.0408728	0.0641042
-0.17338	0.333753
0.127604	0.522022
0.474541	0.730107
0.463978	0.745308
0.484118	0.507249
0.297391	0.447576
1.02255	-0.560232
1.87516	-1.36791
2.1302	-1.5222
2.01391	-1.48389
2.71833	-2.60212
3.54393	-3.7836
3.6094	-3.90129
2.3199	-1.89806
1.82086	-1.51015
1.66406	-1.21608
1.7483	-1.23889
1.78025	-1.00398
1.52698	-0.632777
1.38876	-1.04875
1.15532	-0.755028
1.24789	-0.93794
1.26853	-1.13315
0.75398	-0.342136
0.797273	-0.758427
1.82773	-1.50926
1.83408	-0.960796
2.18502	-1.41612
2.48045	-1.75314
2.18494	-1.39897
2.42868	-1.90563
2.29535	-1.64142
2.95307	-2.545
3.02287	-2.61024
2.7654	-2.05702
1.76751	-1.00231
2.41947	-1.73313
2.62481	-1.80998
2.81368	-2.30924
2.67274	-2.17041
3.94564	-4.70909
2.84062	-2.98247
2.57954	-2.63555
2.4199	-2.41393
2.29983	-2.32307
0.640061	-0.269026
-0.0920713	-0.00842017
0.20577	-0.189082
0.0317627	0.122836
0.230787	0.338231
0.553483	0.614248
0.621492	0.4775
0.538216	0.18328
0.497219	-0.0597956
1.156	-0.892687
1.7796	-1.04896
1.39066	-0.882355
1.5918	-1.04335
2.3318	-1.94776
2.30598	-1.82119
0.897097	-0.390523
0.399249	-0.280913
0.43695	-0.12086
0.072605	0.303178
0.732317	-0.331032
1.17834	-0.94655
0.973347	-0.77931
0.829276	-0.577062
0.921516	-0.32291
1.14701	-0.471494
0.986761	-0.339933
0.861583	-0.232216
1.1284	-0.567504
1.07581	-0.897941
2.05201	-1.85931
1.82513	-1.49873
1.92694	-1.70695
1.87261	-1.66511
1.85908	-1.77308
1.63337	-1.72135
1.27776	-1.31885
1.07899	-1.23056
0.703255	-0.868049
0.637689	-0.561922
0.663566	-0.771372
0.92677	-0.845868
0.8409	-0.485026
0.694512	-0.0778074
0.325625	0.218066
0.403102	0.148797
0.409109	0.253732
0.221124	-0.0049007
1.47854	-1.30799
1.29328	-0.789025
1.42233	-1.04072
1.42419	-0.899181
1.93231	-1.37926
2.09602	-1.66153
1.97274	-1.37119
2.11151	-1.42335
1.82596	-1.04371
1.79944	-1.1557
1.49794	-1.07995
1.23984	-0.86556
1.23921	-0.905794
1.09939	-0.629048
0.976282	-0.457281
0.798452	-0.408861
1.29196	-0.755166
1.45927	-1.09733
0.912153	-0.935484
1.12925	-0.832906
2.67252	-3.11679
2.89607	-3.53856
1.70524	-1.86424
2.75169	-3.40471
2.31581	-2.59615
2.19093	-2.3956
1.80999	-1.92111
2.135	-2.39593
2.10257	-2.3771
1.98149	-2.20209
2.36583	-2.71851
2.29947	-2.74126
2.4785	-2.99757
2.36006	-2.72482
2.76595	-3.23046
2.60649	-2.96229
2.66629	-3.14614
2.32707	-2.6037
2.20639	-2.39161
2.42178	-2.56301
2.52917	-2.52786
1.97579	-2.19014
1.1835	-1.70166
0.671865	-1.55038
0.486628	-1.46511
0.341307	-1.19799
0.179592	-1.04263
0.438917	-1.09337
0.314254	-1.12857
0.31292	-1.05069
0.421587	-0.959632
0.76997	-0.935547
0.54755	-0.599804
0.120249	-0.129684
0.139295	0.0810482
0.26319	0.339549
0.339352	0.3455
0.438453	0.683778
0.362273	0.562643
0.203111	0.172919
0.557219	0.453467
0.388783	0.547899
0.542884	0.663627
0.496596	0.572335
0.390314	0.558653
0.420847	0.178434
0.319686	-0.00415988
0.428823	0.396978
0.219249	0.420044
0.365769	0.376058
0.566197	0.658689
0.353032	0.292734
0.459297	0.456059
0.740022	0.221288
0.697957	-0.0751122
0.887366	-0.0781447
0.834022	-0.112934
1.01608	-0.232945
1.06293	-0.334553
1.1376	-0.346035
1.46334	-1.03655
2.96076	-3.13709
3.48839	-3.96364
3.53375	-3.99372
2.85223	-3.07258
3.02725	-3.44383
2.77159	-3.0164
2.53793	-2.63401
2.25657	-2.26877
1.89294	-1.34483
1.24386	-1.15035
1.2439	-0.470797
1.09799	-0.935516
3.05069	-2.84855
1.8461	-1.23083
1.31456	-0.557188
2.50642	-1.72295
3.06574	-2.69474
3.32889	-3.3247
2.72224	-2.27034
3.60463	-3.72216
3.22381	-3.25157
2.9338	-2.66711
3.28868	-3.28388
2.90991	-3.16835
2.77032	-3.49516
2.41121	-2.87259
2.02195	-2.31052
2.1414	-2.49799
2.48421	-2.67417
2.89254	-2.94751
2.24996	-1.55202
2.46259	-1.75473
2.05561	-1.25967
1.9327	-1.07172
1.74607	-0.88726
1.62059	-0.830801
1.55837	-0.652592
1.31284	-0.447623
1.25404	-0.518624
1.19474	-0.418759
1.17596	-0.552862
1.0821	-0.436604
1.02673	-0.303159
1.13971	-0.401252
1.05486	-0.296686
1.2553	-0.50881
1.12842	-0.372304
1.38473	-0.718277
1.59508	-0.819116
1.61932	-0.720691
1.96478	-0.93943
2.04688	-1.03381
2.33534	-1.44512
2.28589	-1.37659
2.42312	-1.6399
2.2297	-1.26799
3.39695	-3.31727
2.26429	-2.40951
2.65062	-3.30276
2.3562	-2.8332
2.5501	-3.23595
2.28077	-2.84962
2.29178	-2.84603
1.96686	-2.21567
1.98731	-2.15859
1.72471	-1.77084
1.50949	-1.28868
0.982754	-0.960353
1.05202	-0.736693
1.22005	-1.00509
2.43342	-2.35941
1.75702	-1.24381
0.264013	-0.367413
0.302882	-0.711893
-0.137076	-0.968302
1.05111	-0.799471
2.43767	-2.4462
2.7556	-2.82824
2.44293	-2.22183
3.01638	-2.8872
3.37454	-3.4411
3.29517	-3.28774
3.28089	-3.12882
3.08676	-3.83757
2.41698	-2.63604
2.85957	-3.52018
2.57091	-3.00683
3.32745	-3.94998
2.71612	-2.18062
3.47844	-3.3489
3.36817	-3.42022
2.71822	-2.59608
2.3555	-1.98945
2.25697	-1.71833
1.95023	-1.5313
2.09378	-1.90248
1.44635	-1.16367
1.06348	-0.737128
1.02105	-0.708935
1.17141	-0.454419
1.24412	-0.440376
0.789149	-0.607528
1.43775	-1.57002
1.4836	-1.38029
1.65687	-1.28591
2.43713	-2.62327
2.8524	-3.29235
1.5074	-1.33461
1.34221	-1.09292
1.44158	-1.15584
1.51463	-1.38259
1.13584	-0.804795
0.943125	-0.420919
1.23884	-0.917098
0.977976	-0.750709
1.02745	-0.807599
0.137533	-0.190066
0.228528	-0.0693638
0.129987	-0.175524
0.073719	-0.0993112
-0.103871	-0.764454
-0.108419	-0.908002
0.44473	-1.00033
1.79538	-2.25225
2.11044	-2.51567
2.36723	-2.668
2.5736	-2.8037
2.20939	-1.77535
2.24694	-1.91899
2.01516	-1.63042
2.1319	-1.60678
2.3516	-1.78292
2.31164	-1.25264
1.93891	-1.16401
2.34113	-1.22453
2.07256	-1.38187
1.83966	-1.38455
1.40211	-0.788263
1.10976	-0.699913
0.729095	-0.374571
0.68169	-0.232637
0.945352	-0.287396
1.02571	-0.464541
0.943137	-0.359738
1.01122	-0.330946
1.13478	-0.530879
0.970227	-0.273606
0.889023	-0.0302687
1.04292	-0.0342026
1.11562	-0.202664
0.767473	0.0505858
0.76512	-0.011019
0.745294	-0.0540016
1.11009	-0.609599
1.28715	-0.812876
1.0367	-0.360072
1.0856	-0.438171
1.0627	-0.34919
0.990907	-0.270342
0.851761	-0.128291
0.999006	-0.335368
0.864556	-0.206649
1.0882	-0.406045
1.00498	-0.37806
1.08437	-0.169514
0.998746	-0.207266
0.816396	0.0314016
0.937346	-0.252776
1.04486	-0.18781
0.927128	-0.21653
0.97226	-0.311476
0.852587	-0.44399
0.879443	-0.561181
1.62617	-1.33468
1.5794	-1.11681
2.8023	-2.82539
3.02062	-3.06167
2.94734	-2.84704
2.90529	-2.84978
2.24548	-1.7672
2.04319	-1.46652
1.93932	-1.36537
1.70852	-1.10894
1.72642	-1.07508
1.39236	-0.67493
1.36287	-0.710857
1.00726	-0.356087
1.0656	-0.431079
0.949249	-0.266339
0.907255	-0.275686
0.624446	-0.126408
0.441063	-0.00276057
0.3616	0.0397225
0.443606	-0.0704661
0.545384	-0.234821
0.676817	-0.383556
0.772458	-0.628631
0.685943	-0.728076
0.566143	-0.815281
0.477843	-0.822563
0.423414	-0.828556
0.4259	-0.897942
0.494052	-0.886246
0.632145	-0.92898
0.882114	-1.06423
1.28574	-1.4279
1.91345	-2.22191
2.37381	-2.75242
2.09829	-2.34988
2.11236	-2.33872
1.51896	-1.29244
2.37028	-2.41665
2.15107	-2.27742
2.35792	-2.71748
2.00111	-2.33872
2.0373	-2.33285
2.54683	-3.00943
2.46646	-2.98981
1.93616	-1.57998
2.88717	-2.3573
2.57733	-1.89283
2.43293	-1.71968
2.47041	-1.76084
2.07996	-1.19329
2.05902	-1.24374
1.75441	-0.923249
1.73152	-1.05703
1.75071	-1.09076
1.59548	-0.839545
1.38154	-0.523186
0.961367	-0.24291
0.563127	-0.3047
0.440985	-0.325606
-0.472639	0.121662
-0.242874	0.165098
-0.0701911	0.147743
0.358041	0.13125
0.561153	0.385919
0.556448	0.196385
0.733226	0.481822
0.523769	-0.105088
0.675389	-0.211268
0.783912	-0.444951
1.59814	-1.38371
2.46316	-2.52264
2.2401	-2.39449
2.66652	-3.24322
2.54972	-3.10652
2.2143	-2.68647
2.36714	-2.8244
2.32627	-2.56494
2.11012	-2.12627
1.54641	-1.42711
1.02604	-0.671834
0.941516	-0.753751
0.897412	-0.575823
0.817818	-0.38647
0.779454	-0.590703
2.9387	-2.6997
1.48303	-0.428675
1.49544	-0.433498
1.54354	-0.581397
1.6982	-0.857516
1.34968	-0.800454
0.110725	0.28214
-0.133145	0.117091
-0.085066	0.151942
0.0600066	0.28884
0.304771	0.34441
0.476428	0.291404
0.802841	-0.131085
0.961643	-0.360709
1.21202	-1.06982
2.13573	-2.08255
3.34019	-3.58383
2.6316	-2.18527
2.91718	-2.8528
2.36541	-2.18049
2.00766	-1.89794
1.4901	-1.31503
1.22909	-0.88305
0.960236	-0.562585
0.797333	-0.450983
1.13643	-0.598844
1.11543	-0.550657
1.00498	-0.535156
1.46484	-1.34278
1.44249	-1.17364
1.26954	-1.24556
1.45585	-1.45456
2.08122	-2.28225
1.75826	-1.72666
2.19195	-2.37928
2.80766	-3.13931
2.88298	-3.31438
2.41406	-2.53458
2.57549	-3.007
2.67699	-3.34505
2.47637	-2.84878
2.29355	-2.47374
2.28521	-2.26516
1.14549	-1.05942
0.439645	-0.500163
-0.170016	0.159861
-0.0399002	-0.0834858
-0.241532	0.248342
0.143604	-0.0926413
0.0992572	0.317475
0.489815	0.386574
0.503201	0.050451
0.621712	-0.292045
0.454788	-0.475976
2.13505	-1.82761
2.42892	-2.0309
2.90232	-2.55057
2.72076	-1.9207
2.6478	-1.74734
2.47888	-1.61164
2.41066	-1.52703
2.23252	-1.34318
2.64987	-2.10348
1.27571	-0.685324
0.327272	-0.192169
0.0242027	0.271762
0.343907	0.549547
0.554704	0.78227
0.566539	0.728045
1.11567	1.11905
1.0342	0.719208
1.04122	0.674725
1.3719	0.944545
0.95812	0.415713
1.19197	0.403249
0.947983	-0.368387
1.23913	-0.721852
1.3453	-1.10848
1.09817	-1.05405
1.1795	-0.908632
1.04237	-0.566783
1.26132	-0.448191
1.75046	-1.06812
2.60085	-2.22137
2.45179	-2.07739
3.01404	-2.76005
3.15041	-3.11388
3.00018	-2.83829
2.42947	-2.04873
2.30564	-1.89257
2.18958	-1.57808
2.16579	-1.47614
2.53253	-2.10528
2.62002	-2.01224
2.48821	-1.73399
2.23829	-1.32821
2.67034	-2.11598
2.10714	-1.59031
2.0923	-1.80093
1.99435	-1.7234
1.73016	-1.88643
1.82845	-2.0707
1.63968	-1.97417
1.81847	-1.78121
1.51532	-1.0679
1.80137	-1.67672
1.63773	-1.71641
1.51473	-1.77203
1.2617	-1.28856
1.51595	-1.59329
1.36411	-1.28287
0.973092	0.223592
0.854035	0.0364853
1.19246	-0.215024
1.14865	-0.15159
1.37559	-1.23863
1.91957	-1.73241
2.59647	-2.71064
2.28311	-2.13113
2.4732	-2.42967
2.34429	-2.02671
1.77253	-1.47703
2.15451	-2.48908
2.18194	-2.52346
1.95541	-2.10456
0.904653	-0.763947
1.4126	-1.28354
2.25692	-1.91623
2.66225	-2.16444
2.86054	-2.71336
2.95003	-2.80146
2.15694	-1.64157
1.48314	-1.1769
2.58144	-2.6995
2.94618	-3.16969
2.06589	-1.87375
1.46984	-1.03502
1.31071	-0.843156
1.1786	-0.843977
0.898104	-0.422949
0.677342	-0.0121722
0.992782	-0.210205
0.955282	-0.310116
0.711287	-0.301232
0.463301	0.212591
1.17226	-0.481481
1.57356	-0.785628
1.53243	-0.813654
1.37782	-0.63326
1.41248	-0.88436
1.37689	-0.979782
-0.38469	0.144622
-0.37507	0.00120192
-0.141662	0.176039
0.0129773	0.453447
0.0709664	0.375629
-0.0643368	0.2651
0.743377	-0.393742
1.15945	-0.58015
1.47816	-0.782805
1.3509	-0.818845
1.36052	-0.72156
1.09352	-0.504395
1.23164	-0.945423
1.17166	-0.856777
1.11737	-0.697064
1.51172	-0.941124
2.18674	-1.62697
2.14234	-1.45707
2.21563	-1.75389
2.34158	-2.19169
2.62731	-2.73824
2.22589	-2.04961
2.15311	-2.06654
3.23592	-3.73528
3.58605	-4.2642
2.39824	-2.06894
1.54304	-1.13493
1.30484	-0.96891
1.37362	-1.21131
0.99096	-0.74773
0.970855	-0.530223
0.870265	-0.474705
0.990326	-0.742246
0.933566	-0.584249
1.46016	-0.96218
1.88874	-1.1604
1.53001	-0.788311
2.05769	-1.65542
2.05989	-1.77694
0.944085	-0.436185
1.03388	-0.661814
1.30997	-1.17841
0.788997	-0.603246
0.842432	-0.359312
0.871647	-0.0264612
0.792584	-0.0444404
0.70976	-0.290742
1.19007	-0.961406
2.42678	-2.54242
2.82592	-3.31277
2.25402	-2.47788
2.59489	-3.079
2.34724	-2.68604
2.55106	-2.97377
2.66256	-3.06122
2.83478	-3.38451
2.50742	-3.18557
1.97958	-2.41362
2.20661	-2.54172
1.83099	-1.80143
1.48283	-1.30241
0.455599	-0.528131
0.562114	-0.171268
0.488158	-0.151985
0.377546	0.0590464
0.547895	0.585652
0.453627	0.356208
0.402134	-0.22369
1.201	-0.743264
1.34647	-1.09922
1.53487	-1.30326
1.44588	-0.942518
2.25034	-1.71421
2.43866	-1.9684
2.93286	-2.92476
2.49194	-2.31618
2.20133	-1.87947
2.39215	-2.25383
2.02324	-1.70357
1.90183	-1.62587
1.50075	-1.17526
1.34283	-1.16116
0.985385	-1.03107
0.574347	-0.940836
0.30778	-0.949143
0.400477	-0.83963
2.49563	-3.11743
2.49346	-3.06754
2.20853	-2.57986
2.21906	-2.55006
2.0611	-2.34149
1.23634	-1.13303
1.07719	-0.973922
1.08721	-0.834563
0.979208	-0.853788
0.716678	0.0201859
1.02328	-0.280936
1.58296	-1.376
1.97938	-1.69494
1.8486	-1.20523
1.87936	-1.18295
2.36009	-1.85629
2.89951	-2.89243
2.97898	-3.41144
1.70291	-1.75285
2.32314	-2.71012
3.00768	-3.66621
3.1547	-3.58645
2.94814	-2.95016
2.61049	-2.31499
2.4093	-2.1027
2.21895	-1.96305
2.16608	-1.85109
1.91199	-1.55442
1.95324	-1.56245
2.3089	-1.92399
2.53496	-2.20502
2.29743	-1.83821
2.05927	-1.49023
2.32226	-1.9866
2.39419	-2.13259
3.19711	-3.37432
2.90415	-3.3581
2.45914	-3.0902
2.65912	-3.47728
2.42283	-3.05034
2.17487	-2.51075
0.715212	-0.876808
0.304372	-0.773642
-0.0646046	-0.822691
-0.1427	-0.874357
-0.200111	-1.00184
-0.14235	-1.02613
0.0235618	-1.06937
0.324447	-1.08441
0.853262	-1.34017
1.23345	-1.44367
1.77807	-1.83603
2.06527	-1.92165
2.04403	-1.67648
2.46346	-2.08999
2.9442	-2.82987
2.44816	-2.45122
2.41747	-2.59538
1.3861	-1.32615
2.32182	-2.53801
1.83567	-1.73073
1.55568	-1.10676
1.42565	-0.799194
1.55503	-0.882145
1.42341	-0.646007
1.4263	-0.529048
1.43207	-0.599602
1.64533	-1.03175
2.00658	-1.66983
2.03546	-1.89652
2.38927	-2.35487
2.77199	-2.95771
2.23309	-2.6289
2.312	-2.82252
2.13295	-2.70871
2.03507	-2.49841
2.13642	-2.65
1.59822	-1.89762
0.605418	-0.774898
-0.0859661	-0.610185
-0.129679	-0.930735
0.0742413	-1.10268
0.270261	-1.0702
0.448825	-1.04615
0.640546	-0.980932
0.837882	-0.992889
1.11344	-1.11334
1.50162	-1.38591
1.68226	-1.33223
1.03704	-0.328991
0.4204	-0.379032
0.0274625	-0.21103
0.259365	0.121574
0.206708	0.0955631
0.205785	0.304063
0.611091	0.546317
0.559404	0.631145
0.664461	0.557341
0.551878	0.340015
0.64232	0.0035964
0.719978	-0.181855
0.874461	-0.405808
1.27597	-0.959425
1.75056	-1.51185
1.52073	-1.57178
0.821359	-0.623653
0.910921	-0.659695
1.15003	-0.843983
1.64894	-1.42998
1.52442	-1.53683
1.37554	-1.47403
1.082	-1.27258
1.24349	-1.60894
1.18092	-1.8167
0.766629	-1.38253
0.689703	-1.2729
0.74145	-1.35325
0.725315	-1.27302
0.942923	-1.40134
1.38787	-1.86092
1.44587	-1.62494
1.68614	-1.87609
1.54541	-1.47584
1.0911	-0.940762
1.18153	-0.72859
1.29637	-0.974047
1.01564	-1.07055
0.804646	-0.781413
1.0789	-0.796655
0.656524	-0.24255
0.989186	0.328716
0.863007	-0.594878
0.636081	-0.50803
0.719764	-0.561895
0.536591	-1.06469
0.691817	-1.10035
0.219559	-0.965482
0.588145	-1.23746
0.607826	-1.20819
0.886264	-1.09246
1.42292	-1.10881
0.772328	-0.523216
1.17818	-0.648591
0.871379	-0.210467
0.834168	-0.202112
0.926681	-0.328535
1.44571	-1.31511
1.39349	-0.959562
0.906421	-0.0439529
1.31285	-0.57805
1.93531	-1.62052
1.92351	-1.53504
1.85781	-1.47549
2.11126	-1.58128
1.81456	-1.26364
2.25863	-1.73444
1.75265	-1.09834
2.07245	-1.45713
1.70014	-1.0245
1.56819	-0.790609
1.24887	-0.630837
1.24035	-0.659478
1.27289	-0.764277
1.24326	-0.511704
0.738436	-0.0815093
0.929287	-0.278465
1.10577	-0.427168
1.07538	-0.314395
0.862201	-0.272237
