-0.739021	-0.0865207
-0.791109	-0.398037
-0.713946	-0.463049
-0.767713	-0.410526
-0.876591	-0.125503
-0.587899	-0.235022
-0.74085	-0.437065
-0.522076	-0.0825338
-0.629318	-0.153614
-0.818439	-0.30537
-0.895023	-0.270752
-0.822991	-0.19069
-0.883243	-0.14702
-0.8119	-0.265355
-0.642621	-0.0910628
-0.0666566	0.46147
-0.164327	0.749949
0.20082	0.525592
-0.21282	0.665181
-0.132071	0.646801
-0.104541	0.637731
-0.179194	0.725022
-0.160539	0.742743
-0.440779	0.773819
-0.395542	0.634778
-0.30982	0.575603
-0.466267	0.666709
-0.53596	0.731795
-0.667848	0.81533
-0.696114	0.694434
-0.738452	0.6108
-0.780511	0.686972
-0.828087	0.667589
-0.794134	0.63434
-0.831245	0.573515
-0.837936	0.616466
-0.647444	0.0816148
-0.703767	-0.096177
-0.80382	0.012884
-0.868363	0.189752
-0.867432	0.249588
-0.976605	0.315225
-1.00592	0.471196
-0.798677	0.440205
-0.787435	0.476938
-0.605184	0.371056
-0.460494	0.311011
-0.306433	0.268805
-0.600701	0.617126
-0.782073	0.859437
-0.621607	0.865748
-0.378529	0.839844
-0.32091	0.83411
-0.309766	0.869506
-0.36446	0.887602
-0.372135	0.891267
-0.472691	0.949482
-0.692201	0.883448
-0.376711	0.678167
0.0214809	0.633169
-0.0950639	0.673679
-0.27416	0.769535
-0.431376	0.925316
-0.480553	0.991296
-0.539879	0.911103
-0.687085	0.871945
-0.705117	0.866762
-0.615868	0.428577
-0.514679	0.00137493
-0.56971	-0.0166377
-0.477368	-0.0969006
-0.450872	-0.0506577
-0.422211	-0.106227
-0.377813	-0.0149766
-0.365702	0.213013
-0.0309206	0.291465
0.160524	0.482393
0.436185	0.456116
0.418356	0.698424
0.179327	0.594728
0.0061828	0.703342
0.0484689	0.563923
0.0919711	0.476686
0.0611593	0.315586
0.0610142	0.242518
-0.11328	0.288161
-0.376608	0.386582
-0.51902	0.466632
-0.487103	0.441262
-0.334686	0.398507
-0.0938403	0.628586
0.0277141	0.511407
0.0343025	0.530213
0.293211	0.514462
0.319569	0.479798
0.152749	0.373037
-0.00752178	0.211439
-0.267247	0.345723
-0.190976	-0.011665
0.0117193	-0.176411
-0.108919	0.191944
-0.409964	0.349731
-0.532447	0.0703051
-0.642808	0.0973115
-0.350254	0.218121
-0.398678	0.47721
-0.434805	0.313493
-0.406761	0.328444
-0.414593	0.574706
-0.449538	0.411365
-0.431921	0.100482
-0.609566	0.292464
-0.474007	0.424744
-0.116425	0.379092
0.0144108	0.381839
-0.0291366	0.540065
-0.215262	0.49532
-0.400419	0.0361355
-0.340335	-0.103437
-0.149097	-0.107649
0.016049	-0.214065
0.121985	-0.17118
-0.221445	-0.157258
0.111795	-0.084731
-0.377385	0.0787111
-0.520059	0.281587
-0.724652	0.460544
-0.623646	0.364238
-0.621369	0.390128
-0.694033	0.0267874
-0.779184	-0.0929145
-0.841335	-0.163351
-0.871947	-0.238058
-0.719816	-0.141236
-0.633274	-0.0794983
-0.484872	-0.0124463
-0.245287	0.182657
-0.373304	0.0129296
-0.660606	0.459263
-0.79099	0.487987
-0.533796	0.5625
-0.0639359	0.224082
-0.462141	0.229692
-0.371345	0.120977
-0.550905	0.124481
-0.458934	0.130783
-0.578069	0.201768
-0.592763	0.172967
-0.690376	0.17362
-0.663992	0.191532
-0.431693	0.115308
-0.355125	0.0050738
-0.33133	-0.168168
-0.291898	-0.373302
-0.398045	-0.427033
-0.245547	-0.416891
-0.0547505	-0.601083
-0.165379	-0.459896
-0.0784913	-0.423815
0.110056	-0.41975
0.227791	-0.0573211
0.00210933	0.0665497
0.00958102	0.0889944
0.0187021	0.185701
-0.164022	0.0238954
-0.363878	0.0317592
-0.130644	0.0706782
-0.430059	0.0617766
-0.570014	0.25297
-0.484387	0.184384
-0.483418	0.237985
-0.636362	0.410157
-0.603356	0.403343
-0.626075	0.546298
-0.0874443	0.649505
0.121222	0.603332
-0.0827924	0.368694
-0.265032	0.191802
-0.153315	-0.12185
-0.241383	-0.197555
-0.0811707	-0.0623609
-0.654762	-0.581277
-0.533423	-0.563398
-0.594341	-0.265046
-0.413613	-0.134719
-0.166154	-0.169245
-0.171536	-0.2875
-0.0764722	-0.420398
-0.359172	-0.182607
-0.235875	-0.253206
-0.339139	-0.202664
-0.368502	-0.145978
-0.430951	-0.135788
-0.58667	-0.0192883
-0.650423	-0.294091
-0.809665	-0.315782
-0.796667	-0.274293
-0.873421	-0.368697
-1.00706	-0.357011
-0.727464	-0.242846
-0.968715	-0.0396745
-0.809448	-0.286091
-0.802718	-0.272556
-0.792711	-0.27349
-0.896558	-0.418862
-0.39629	-0.0325721
-0.578756	-0.0322501
-0.747863	-0.0647854
-0.864538	-0.392476
-1.01819	-0.330633
-0.821005	-0.109439
-0.537652	-0.220315
-0.621751	0.022138
-0.793708	-0.0216051
-0.932281	-0.179416
-0.862579	-0.200104
-0.7406	-0.208689
-1.00979	0.224986
-0.541233	0.569274
-0.54496	0.0633019
-0.314521	-0.0255929
-0.0837698	-0.0736529
0.0776403	-0.29817
-0.0803851	-0.436605
-0.211406	-0.423681
-0.363764	-0.157419
-0.421119	-0.1532
-0.542982	-0.0351661
-0.633082	-0.0172239
-0.554264	-0.0139136
-0.589403	0.0867452
-0.619651	0.241353
-0.623067	0.416882
-0.540004	0.533827
-0.529503	0.67013
-0.613892	0.817503
-0.673004	0.942363
-0.683363	1.0913
-0.651751	1.0636
-0.583455	1.0231
-0.433936	0.95621
-0.502678	0.910382
-0.555669	0.813049
-0.675585	0.710017
-0.747362	0.471556
-0.674354	0.180378
-0.488117	0.0215292
-0.212505	0.016938
0.0117063	0.127502
0.0600789	0.248647
0.0530261	0.441072
-0.163113	0.425109
-0.46221	0.214513
-0.345357	-0.163006
-0.294576	-0.0503888
-0.762527	0.0915063
-0.442954	-0.095718
-0.546405	-0.221266
-0.391663	-0.163464
-0.52673	-0.337752
-0.795413	-0.199096
-0.839264	-0.163314
-0.81059	-0.143762
-0.801747	-0.124851
-0.829409	-0.0652718
-0.865305	-0.0375259
-0.771293	-0.136538
-0.730049	-0.199666
-0.74538	-0.247379
-0.747645	-0.31047
-0.708181	-0.377128
-0.764893	-0.353655
-0.837131	-0.215892
-0.64579	-0.183787
-0.542392	-0.0332566
-0.572596	0.0884681
-0.639662	0.25415
-0.907376	0.389183
-0.93541	0.543347
-0.907958	0.540867
-0.939967	0.514606
-0.967768	0.534427
-0.931785	0.396902
-0.960969	0.475069
-0.624242	-0.0277158
-0.554045	-0.244172
-0.618417	-0.140989
-0.71834	-0.00499349
-0.869022	0.139609
-0.861085	0.443212
-0.831789	0.671163
-0.768668	0.620656
-0.672282	0.630482
-0.329262	0.57436
-0.298895	0.605161
-0.424309	0.375644
-0.441515	0.325585
-0.12316	0.356509
-0.404038	0.252834
-0.526316	-0.0389174
-0.645952	0.00454524
-0.913271	0.00368916
-0.986759	-0.166862
-0.534748	0.145737
-0.927361	-0.118501
-0.814838	-0.248495
-0.594379	-0.320114
-1.01983	-0.151781
-0.147452	-0.0408495
-0.129341	-0.0189255
-0.165956	0.0096012
-0.170123	0.140212
-0.434799	0.213609
-0.907189	-0.0565347
-0.441325	0.0955225
-0.279386	-0.0669928
-0.140471	-0.117767
-0.15334	-0.0883365
-0.105608	-0.0597682
-0.0707696	-0.026707
-0.0685451	0.00136742
-0.0558259	0.0508907
-0.0684915	-0.0054076
-0.133636	0.30571
-0.207483	0.136388
-0.820817	-0.10382
-0.797775	-0.0732763
-0.566289	-0.148449
-0.54714	0.0441509
-0.392597	-0.108384
-0.058278	-0.262986
-0.463729	-0.0133258
0.140766	0.123879
0.0630812	0.413215
0.413686	0.272615
0.17738	0.175744
-0.0428634	0.179048
-0.154242	-0.00887584
-0.289345	-0.0238435
-0.172687	0.11532
-0.331592	0.07734
-0.557388	0.17029
-0.461845	0.20766
-0.260484	0.396575
-0.220009	0.465753
-0.0560029	0.722932
-0.545154	0.578536
-0.190924	0.187347
-0.343334	0.382762
0.191838	0.455516
0.462523	0.256181
0.450967	-0.0703841
-0.0668355	-0.31465
-0.336232	-0.203311
-0.555718	-0.174518
-0.725746	-0.249564
-0.564351	-0.193697
-0.473137	-0.107217
-0.481798	-0.00561477
-0.51056	0.211799
-0.70282	0.138995
-0.551776	0.244579
-0.416373	-0.114648
-0.540996	-0.34298
-0.551865	-0.248885
-0.829389	0.178991
-0.822511	0.450819
-0.706464	0.534514
-0.609649	0.444085
-0.357562	0.297335
-0.0844008	0.631715
0.16017	0.899524
0.166039	1.02091
-0.0701314	1.0172
-0.349573	0.666396
-0.299479	0.59299
-0.475314	0.710704
-0.343647	0.59912
-0.266269	0.633516
-0.229461	0.536417
-0.0736136	0.526214
0.0997832	0.414498
-0.150159	0.352768
-0.124116	0.121994
-0.303874	0.134146
-0.802104	-0.30931
-0.85493	-0.222095
-0.94688	-0.529371
-0.424915	-0.252946
-0.051684	0.460794
-0.364943	0.673084
-0.287255	0.3145
-0.401594	-0.0249408
-0.342293	-0.171925
-0.218242	-0.193844
-0.182493	0.318449
-0.180122	0.295097
0.275446	-0.0978968
0.158059	0.152805
-0.208828	0.036366
-0.541294	0.0453787
-0.728576	0.0492778
-0.598896	-0.0976692
-0.65211	-0.23198
-0.772504	-0.118481
-0.286387	-0.130533
-0.54104	-0.222349
-0.60431	-0.291295
-0.782403	-0.267717
-0.736786	-0.289911
-0.831157	-0.248906
-0.742394	-0.291756
-0.741433	-0.322226
-0.741328	-0.261507
-0.726277	-0.140656
-0.657477	-0.0617235
-0.680263	0.487116
-0.700078	0.642989
-0.408436	0.489296
-0.290549	0.366209
-0.0114718	0.168651
-0.0853457	0.193044
0.00761309	-0.00516277
-0.056958	0.225989
0.0501629	0.520424
-0.081503	0.179353
-0.395354	0.0912089
-0.290628	-0.0332515
-0.200378	0.255122
-0.266647	0.108791
-0.75943	-0.0683928
-0.927222	-0.302374
-0.899462	-0.266736
-0.762532	-0.2483
-0.788281	-0.333783
-0.832756	-0.309692
-0.815467	-0.242298
-0.753545	-0.373638
-0.608824	-0.185877
-0.693197	-0.173937
-0.673049	-0.187938
-0.287983	0.11515
-0.326777	-0.0933288
-0.528154	0.359619
-0.354925	0.516451
-0.218003	0.463836
0.00558535	0.489086
0.179456	0.386688
0.143688	0.0475564
-0.0831578	0.053302
-0.204385	-0.0968863
-0.323994	-0.45901
-0.406424	-0.323977
-0.7403	0.0506176
-0.635729	0.139591
-0.545815	0.1557
-0.623018	0.217834
-0.437566	0.0448127
-0.749037	-0.193009
-0.715524	-0.141972
-0.625336	-0.245147
-0.151053	0.0120468
-0.260786	-0.0414431
-0.31988	-0.182761
-0.374689	-0.254632
-0.264237	-0.221474
-0.039063	-0.0910533
0.0879611	0.0623644
0.278705	0.229893
0.263437	-0.203539
-0.166193	-0.260236
-0.268823	-0.294998
0.00746822	-0.325091
-0.294111	-0.314764
-0.247065	-0.0146071
0.187137	0.48355
-0.208464	0.243605
-0.518339	0.253734
-0.386906	0.168979
-0.448783	0.155993
-0.833343	0.311755
-0.858208	0.300355
-0.750189	0.171563
-0.588848	0.191965
-0.316678	0.20379
-0.22933	0.0352155
-0.217585	0.042281
-0.494472	-0.1284
-0.557217	-0.292444
-0.471457	-0.421165
-0.290405	-0.383593
-0.21139	-0.305136
0.0159482	-0.220328
0.263077	-0.141606
0.143978	-0.0249125
-0.119196	0.0416942
-0.0236882	-0.0670082
-0.244026	-0.18629
0.192786	-0.255002
0.00784051	0.122981
-0.089857	0.554238
-0.215399	0.488828
-0.19688	0.541834
0.0164232	0.35472
0.132628	0.321695
0.173393	0.362828
0.108244	0.357767
0.214253	0.412245
0.0443616	0.259958
-0.40317	0.245773
-0.764696	-0.13803
-1.02072	-0.162479
-1.05654	-0.143747
-1.10285	0.0763748
-1.19216	-0.0534952
-1.06461	-0.0316131
-0.901541	0.261046
-1.00256	0.0669448
-0.777727	0.813076
-0.492627	0.816031
-0.537785	0.721696
-0.566663	0.564805
-0.562208	0.548624
-0.481011	0.385181
-0.35638	0.205373
-0.152092	0.160749
0.182108	0.0839625
0.194369	0.160647
0.189814	0.35058
0.326985	0.39118
0.225277	0.548368
0.339762	0.513124
0.172933	0.340178
-0.0965443	0.492144
-0.470616	0.556897
-0.645104	0.460365
-0.183319	-0.0287297
-0.385267	0.494764
-0.613811	0.695851
-0.509619	0.614792
-0.519844	-0.0142544
-0.607671	-0.0258987
-0.634827	-0.128946
-0.858956	-0.021626
-0.969595	-0.0857976
-1.05798	0.0449788
-1.0096	0.0889711
-0.954253	0.197838
-0.870073	0.382113
-0.682858	0.573909
-0.443949	0.792605
-0.291709	0.898058
-0.202263	1.01543
-0.348712	1.17835
-0.454472	1.15875
-0.466918	1.06138
-0.476841	0.884328
-0.294636	0.812114
-0.254368	0.804044
-0.274696	0.839046
-0.254649	0.586533
-0.139204	0.497626
-0.298351	0.604684
-0.191622	0.499517
0.113035	0.308415
-0.211659	0.0898514
-0.317956	-0.189143
-0.355975	-0.185803
-0.321607	-0.101247
-0.229851	-0.450887
-0.337724	-0.343165
-0.156982	-0.421482
-0.297324	-0.250274
-0.145641	-0.0864472
-0.237977	-0.237934
-0.28199	-0.0869536
-0.44997	-0.0970085
-0.512621	0.042885
-0.489027	-0.201895
-0.575547	-0.18455
-0.706109	-0.193808
-0.631876	-0.186535
-0.748738	-0.277724
-0.525355	-0.24322
-0.919352	-0.1832
-0.70619	-0.0912331
-0.689753	-0.285762
-0.544453	-0.432189
-0.290987	-0.217574
-0.138463	-0.0963751
-0.100197	0.0117684
-0.0480877	-0.00971766
-0.0232527	0.14191
0.00412152	0.0180714
-0.234806	-0.00298128
-0.364094	0.0670465
-0.733118	-0.041917
-0.670171	-0.0216003
-0.808772	0.0588946
-0.797596	-0.0816208
-0.654964	-0.281276
-0.852473	-0.118359
-0.956436	-0.222661
-0.789029	-0.314017
-0.9494	-0.477674
-0.483326	-0.103929
-0.828928	-0.246197
-0.815521	-0.129995
-0.951923	-0.472254
-0.890284	-0.369856
-0.837712	-0.371725
-0.703804	-0.32903
-0.697959	-0.234023
-0.776455	-0.159932
-0.350036	0.00158968
0.157635	0.261113
0.0909876	0.56814
0.0361317	0.534008
-0.144673	0.47072
0.0499992	0.372588
0.0285629	0.517651
-0.420349	0.519327
-0.463591	0.652857
-0.409813	0.897469
-0.464714	0.701511
-0.319287	0.57881
-0.0920244	0.693987
0.244694	0.627744
0.0262415	0.554663
-0.127301	0.292629
-0.325369	0.319071
-0.413813	0.0906111
-0.472107	-0.178263
-0.492477	-0.109832
-0.327707	-0.243751
-0.422464	-0.0816737
-0.357392	-0.187385
-0.663014	-0.262237
-0.498067	-0.158375
-0.321174	0.280572
-0.611323	0.480128
-0.700044	0.339357
-0.711943	0.300546
-0.978389	0.459815
-1.01459	0.488048
-0.922112	0.431459
-0.929608	0.500235
-0.820153	0.507387
-0.710829	0.583561
-0.62727	0.568527
-0.626261	0.478831
-0.529313	0.385198
-0.604799	0.43837
-0.548277	0.52521
-0.382887	0.426217
-0.457391	0.478365
-0.456107	0.585227
-0.3446	0.764144
-0.37988	0.738553
0.064833	0.563104
0.174262	0.691441
0.154805	0.682127
-0.501328	0.494787
-0.251174	0.635675
-0.269858	0.837801
-0.356614	0.409378
-0.19472	0.246463
-0.0723858	0.574381
0.110233	0.288421
0.0851885	0.00594887
-0.426094	0.192801
-0.960183	0.176263
-0.957113	0.00604477
-1.01767	-0.04975
-0.971601	-0.192405
-0.928439	-0.329178
-0.720796	-0.44957
-0.457296	-0.445578
-0.0721374	-0.165519
-0.0915065	0.290324
-0.574682	-0.146483
-0.864549	-0.0244788
-1.1009	-0.0768353
-1.13819	-0.0199391
-0.86193	0.216523
-0.840381	-0.0264304
-0.825874	0.103513
-0.462182	0.448411
-0.59734	0.572803
-0.474071	0.6584
-0.434069	0.689681
-0.483266	0.69579
-0.411187	0.799523
-0.0683474	0.29857
-0.26779	0.264717
-0.476901	0.200781
-0.659124	0.146177
-0.853815	0.0532081
-0.836139	-0.108043
-0.660044	-0.000325137
-0.67963	-0.202078
-0.557369	-0.419591
-0.57396	-0.415343
-0.554923	-0.397131
-0.386838	-0.216275
-0.736839	0.414642
-0.882606	0.546766
-0.786381	0.538004
-0.762811	0.481936
-0.748416	0.610789
-0.716062	0.61361
-0.672558	0.65167
-0.645651	0.586891
-0.370649	0.469404
-0.298465	0.55358
-0.167485	0.579017
-0.00947359	0.441648
-0.151555	0.528224
0.00837889	0.388641
-0.231386	0.481638
-0.331273	0.395984
-0.389193	0.52223
-0.403577	0.610373
-0.224485	0.788737
0.0572306	0.629352
0.0115354	0.471084
-0.0294833	0.354332
-0.0529292	0.393628
-0.0264494	0.208855
-0.210207	0.256749
-0.259192	0.149758
-0.444902	0.1027
-1.44886	-0.136917
-1.37653	0.225978
-0.490174	-0.19708
-0.0447826	-0.00168759
-0.13889	0.383299
0.0407263	0.702446
-0.480228	0.657125
-0.611049	0.561191
-0.904993	0.468546
-0.84088	0.487031
-0.855488	0.472306
-0.596563	0.308896
-0.354676	0.496795
-0.388143	0.361104
-0.44583	0.193548
-0.544251	0.0757764
-0.711842	0.0781161
-0.621488	0.0663542
-0.780664	-0.213844
-0.592196	-0.0217356
-0.600769	-0.101481
-0.943655	-0.0756137
-0.757567	0.0313206
-0.489531	-0.0907103
-0.472712	-0.0554191
-0.357623	-0.2828
-0.632447	-0.223438
-0.779602	-0.14224
-0.717952	-0.139971
-0.223668	-0.165408
0.080332	0.209683
0.144517	0.0488731
-0.176247	0.138643
-0.393212	-0.182285
-0.508004	-0.352284
-0.434446	-0.268331
-0.44419	-0.0897168
-0.686678	0.0350502
-0.620564	-0.142745
-0.634252	-0.0384107
-0.361662	-0.231146
-0.389272	-0.407098
-0.121711	-0.060613
-0.236483	0.0424562
-0.212595	0.075428
-0.174695	0.166489
-0.621171	0.468522
-0.693056	0.282396
-0.815064	0.010149
-0.654605	0.341547
-0.298462	0.25344
-0.427207	0.447577
-0.0720028	0.314569
0.132082	0.405799
0.318001	0.339389
0.487608	0.342743
0.592839	0.29804
0.231866	0.377893
0.154961	0.449283
0.063617	0.376698
0.0225592	0.206169
-0.153647	0.120742
-0.266243	0.0155816
-0.333716	-0.127327
-0.45056	-0.254984
-0.566644	-0.327418
-0.36648	-0.0246266
-0.455839	-0.306403
-0.565252	0.00849619
-0.524741	-0.172584
-0.392574	-0.399443
-0.428967	-0.327418
-0.489978	-0.21235
-0.519276	-0.0348241
-0.511441	0.120441
-0.346282	0.0941687
-0.377927	-0.00292414
-0.478583	-0.273787
-0.491362	-0.199201
-0.267786	-0.173672
-0.336642	-0.13412
-0.647244	0.0415312
-0.678339	-0.241822
-0.573903	-0.218382
-0.694248	-0.206885
-0.757308	-0.188632
-0.640904	-0.34599
-0.404176	-0.273478
-0.35906	-0.34731
-0.499195	-0.330227
-0.414672	-0.576686
-0.197017	-0.578169
-0.30027	-0.474757
-0.283312	-0.545202
-0.208598	-0.557144
-0.242262	-0.484735
-0.137483	-0.131504
0.0726841	-0.311894
-0.135721	-0.580985
-0.271942	-0.53712
-0.2251	-0.345398
-0.465362	-0.413628
-0.69126	-0.448143
-0.772832	-0.472326
-0.707955	-0.276934
-0.847096	-0.18164
-0.57475	-0.203463
-0.617901	-0.208957
-0.771964	-0.274125
-0.818518	-0.317577
-0.705753	-0.34767
-0.694907	-0.305885
-0.784495	-0.340421
-0.321258	0.0395089
-0.769579	-0.231404
-0.678042	-0.315924
-0.84008	-0.0766772
-0.91226	-0.240519
-0.795359	-0.368625
-0.710009	-0.203808
-0.669705	-0.292051
-0.820239	-0.237942
-1.01312	-0.126179
-0.775367	-0.204474
-0.424593	0.171357
0.114791	0.245111
0.0934131	0.605535
0.0102762	0.48032
0.0879223	0.236577
-0.0980341	0.0898939
-0.20902	0.047659
-0.142283	0.0469154
-0.0103514	-0.031701
0.197641	-0.0817243
0.22079	-0.0804502
0.412307	0.0634806
0.368364	0.277319
0.181142	0.35891
0.140739	0.165626
-0.0576785	0.0499651
-0.232672	0.118955
-0.244906	0.0180747
-0.180232	-0.262677
-0.0748659	-0.181748
-0.130498	-0.144095
-0.260178	-0.276792
-0.197018	-0.0890808
0.00726137	0.0333021
0.0753076	0.0843925
0.0145781	0.0747856
0.0725879	-0.216985
-0.080577	-0.381704
-0.286308	-0.448307
-0.569591	-0.376726
-0.649143	-0.39561
-0.44997	-0.428291
-0.521262	-0.322039
-0.297997	-0.225506
-0.331508	0.194023
-0.23562	0.576906
-0.379233	0.420274
-0.0609102	0.594443
-0.00147041	0.749851
0.137463	0.592698
0.512868	0.327195
0.611404	0.318844
0.494546	0.393674
0.275668	0.422759
0.389167	0.197193
0.52147	-0.133607
0.324543	0.127774
0.176062	0.0578032
0.356801	-0.040522
0.223148	0.138987
0.265411	0.111133
0.130571	0.288814
-0.00617884	0.329374
0.0808521	0.41761
0.210995	0.345501
0.111866	0.165259
-0.050385	-0.0356821
-0.19435	-0.390697
-0.0153511	-0.512481
-0.0854739	-0.38869
-0.409235	-0.429645
-0.207292	-0.254878
-0.366814	0.287179
-0.300669	0.452776
-0.456033	0.294331
-0.707557	0.0433937
-0.633733	0.0652626
-0.5413	-0.22435
-0.448636	-0.202701
-0.324202	0.358655
-0.565489	0.345297
-0.847967	0.36391
-0.807537	0.570314
-0.781906	0.621096
-0.882526	0.609797
-0.879547	0.395829
-0.605822	0.189772
-0.394846	0.165836
-0.236833	0.160903
-0.135952	0.298283
0.0379072	0.302088
0.0691585	0.397805
-0.0373305	0.541789
0.0923495	0.418344
0.155249	0.271434
0.27215	0.194523
0.263446	0.234602
0.309231	0.384875
0.0472762	0.533989
-0.285378	0.718277
-0.273856	0.626139
-0.258627	0.443309
-0.130489	0.34636
-0.127458	0.0940221
-0.0733583	0.0707664
-0.112071	-0.0109889
-0.0597279	-0.128167
-0.031441	-0.332595
-0.23597	-0.322711
-0.311452	-0.400776
-0.140747	-0.239855
-0.03175	-0.192324
0.320548	-0.043278
0.459327	0.217885
0.288104	0.348357
0.39381	0.190935
0.337957	0.14325
0.36119	0.326967
0.278601	0.317132
0.263653	0.560602
0.181597	0.251247
-0.0959142	0.048297
-0.329967	-0.114295
-0.487223	-0.324956
-0.774445	-0.311886
-0.806505	-0.271669
-0.819958	0.00345979
-0.948085	0.245088
-0.387177	0.358171
-0.196926	0.325058
0.00470856	0.163926
-0.0435215	0.257742
0.050832	0.183172
-0.119238	0.22592
-0.457371	0.364553
-0.701628	0.45298
-0.783346	0.278865
-0.961102	0.169294
-0.935898	-0.0188051
-0.546216	0.0108078
-0.545316	0.0892381
-0.4545	-0.0345084
-0.292086	-0.363486
-0.513164	-0.441202
-0.687418	-0.151356
-0.530945	-0.132275
-0.480258	-0.259189
-0.447287	-0.359084
-0.678588	-0.3325
-0.466982	-0.270035
-0.604162	0.088737
-0.639416	-0.121191
-0.729854	-0.0591646
-0.826381	-0.287666
-0.998774	-0.158995
-0.804371	-0.203211
-0.954958	-0.265726
-0.859654	-0.267654
-0.91859	-0.117774
-1.05448	-0.331506
-0.713207	-0.249533
-0.943396	-0.271433
-1.03999	-0.264921
-1.06942	-0.427111
-0.745668	-0.248494
-1.00498	-0.227893
-0.744189	-0.253871
-0.903628	-0.140247
-0.932474	-0.229032
-0.749311	-0.416814
-1.02773	-0.470373
-1.00287	-0.181918
-0.980296	-0.253305
-0.930352	-0.376805
-0.803276	-0.261342
-0.962438	-0.355333
-0.654499	-0.0969395
-1.13098	0.272772
-0.899316	0.1762
-0.389439	-0.23657
-0.445166	-0.202614
0.0239053	0.162818
0.182104	0.210868
0.199726	0.272035
0.13481	0.225959
0.136587	0.245259
-0.0185476	0.184139
-0.0197832	0.278776
-0.121503	0.282017
-0.0524064	0.17056
-0.132669	0.28255
-0.631857	0.767067
-0.674228	0.701546
-0.733589	0.793262
-0.741772	0.867742
-0.617379	0.807399
-0.5879	0.854053
-0.514586	0.742932
-0.464798	0.679821
-0.329612	0.378387
-0.443997	0.0468709
-0.475977	0.0117911
-0.5245	0.253063
-0.5163	0.473783
-0.750422	0.446681
-0.911452	0.37624
-0.89629	0.248956
-0.826206	0.0514695
-0.840657	-0.114669
-0.825235	-0.240844
-0.842023	-0.285407
-0.753413	-0.287397
-0.686615	-0.288935
-0.505925	-0.28172
-0.359809	-0.172615
-0.206805	-0.0227914
-0.236806	0.11037
-0.0312973	0.115211
-0.199425	-0.0682063
-0.516979	0.0820582
-0.52794	-0.00444639
-0.52555	-0.152349
-0.74876	-0.418845
-0.773548	-0.241394
-0.766039	-0.150133
-0.855314	-0.208069
-0.366111	-0.105542
-0.43341	0.328928
-0.580317	0.187938
-1.00421	0.534497
-0.383051	0.411984
-0.711333	0.412956
-0.714182	0.338359
-0.570122	-0.0899273
-0.712179	-0.134151
-0.64319	-0.367409
-0.867016	-0.185122
-0.873852	-0.153963
-0.882728	-0.428656
-0.485807	-0.360494
-0.4053	-0.569897
-0.24968	-0.251594
-0.2993	-0.0596906
-0.109851	0.035437
-0.235944	0.0603813
-0.304003	0.036337
-0.395669	-0.167002
-0.438087	-0.330819
-0.428755	-0.197604
-0.497304	-0.174785
-0.642657	-0.121144
-0.863394	0.0940847
-0.598057	0.0754259
-0.442614	0.166806
-0.593591	0.137883
-0.734781	0.423882
-0.497415	0.670744
-0.21451	0.897872
-0.192257	0.801296
-0.0352204	0.418038
-0.217439	0.442093
-0.466872	0.435679
-0.672701	0.459671
-0.60445	0.370658
-0.51761	0.24019
-0.454679	0.169311
-0.389216	0.0857775
-0.433168	0.0746308
-0.60663	0.0883137
-0.559163	-0.0763709
-0.365175	-0.222326
-0.298976	-0.11221
-0.260975	0.0287568
-0.28898	0.239531
-0.0676776	0.417285
-0.179353	0.319645
-0.158255	0.29185
-0.305745	0.135907
-0.54425	-0.0228047
-0.543586	-0.328952
-0.652095	-0.235151
-0.328207	-0.490441
-0.46205	-0.229181
-0.550069	-0.293969
-0.422363	-0.395817
-0.54331	-0.184402
-0.725109	-0.199955
-0.516998	0.0470196
-0.521389	0.130447
-0.41968	-0.0619389
-0.410319	-0.0765195
-0.393259	-0.156316
-0.516629	-0.0322272
-0.382483	0.0136526
-0.45237	0.195823
-0.0740372	0.53188
0.286198	0.197605
0.307151	0.0256573
0.327184	-0.0144331
0.179483	0.179519
-0.272751	0.144462
-0.481415	-0.0192191
-0.574303	0.0128596
-0.560666	-0.241878
-0.653722	-0.133016
-0.73384	-0.131121
-0.8131	-0.177737
-0.998488	-0.222055
-1.03461	-0.220483
-0.974996	-0.186951
-0.866854	-0.0369156
-0.5518	-0.011351
-0.117537	-0.10293
-0.218773	-0.217202
-0.37199	-0.372151
-0.596022	-0.486347
-0.5233	-0.503734
-0.534838	-0.56779
-0.440568	-0.630937
-0.587343	-0.49156
-0.70083	-0.398306
-0.753927	-0.306978
-0.473251	-0.187864
-0.0187798	0.208379
0.128379	0.327114
0.200479	0.365214
-0.0176052	0.299558
-0.403399	0.372746
-0.473515	0.536116
-0.381976	0.705982
-0.404276	0.835769
-0.114592	0.979051
-0.071355	0.833062
0.286499	0.948011
0.23791	0.889564
-0.127392	0.978797
-0.113764	0.990594
0.013181	0.793459
-0.197906	0.273499
-0.323861	-0.0268705
-0.491764	-0.18251
-0.483162	-0.258647
-0.88432	-0.0169651
-0.799279	-0.110962
-1.07103	-0.201572
-0.74589	-0.151486
-0.952325	-0.252274
-0.745412	-0.275742
-0.831327	-0.412163
-0.951345	-0.295301
-0.760993	-0.315569
-0.842574	-0.150183
-0.708459	-0.165835
-0.484078	-0.114405
-0.43135	0.0577858
-0.609623	0.0645544
-0.618242	-0.211398
-0.665955	0.0794626
-0.781759	-0.10116
-0.855056	-0.336728
-0.807987	-0.208679
-0.866256	-0.228207
-0.951467	-0.267825
-0.825559	-0.281521
-0.74871	-0.357284
-0.866218	-0.331646
-0.920338	-0.502842
-0.863328	-0.465104
-0.731596	-0.34232
-0.572043	0.0270135
-0.795514	-0.17245
-0.816449	-0.413833
-0.671763	-0.27976
-0.805088	-0.32538
-0.870497	-0.195226
-0.786308	-0.276651
-0.873828	-0.30586
-0.679226	-0.0381695
-0.199188	0.221076
-0.240844	0.200197
-0.728949	0.0190648
-1.09929	-0.265693
-1.01368	0.037619
-1.10894	-0.0723773
-1.26406	-0.179818
-1.17116	-0.0145333
-1.09357	0.0873267
-1.03165	0.136405
-0.90437	0.153637
-0.40691	0.0875556
-0.543003	0.208524
-0.467553	-0.014364
-0.887516	0.0685445
-0.858769	-0.174271
-1.26464	-0.270947
-1.08441	-0.149301
-0.544212	0.749541
-0.581488	0.638076
-0.334976	0.55779
-0.320709	0.535183
-0.29445	0.472001
-0.234063	0.27131
-0.167444	0.0574883
0.108789	0.00135441
-0.0178349	0.212648
-0.184681	0.271346
-0.322773	0.448243
-0.602287	0.224924
-0.69226	0.0791089
-0.7346	0.00142409
-0.233511	0.294026
-0.512386	0.121425
-0.329619	0.0795478
-0.332445	0.0773094
-0.311445	0.114388
-0.18057	0.141208
-0.0817937	0.206236
-0.114857	0.349667
0.213129	0.438363
0.350239	0.209526
0.335684	0.232244
0.162847	0.0805268
0.0528965	0.0792361
-0.46578	0.0515518
-0.263243	0.140205
-0.354857	0.461739
-0.248518	0.464781
0.0373952	0.496922
0.125705	0.237273
0.286635	0.110009
0.214102	0.255158
0.268001	0.671697
0.352873	0.429217
0.224975	0.388724
0.0675286	0.458658
-0.165432	0.558149
-0.139936	0.649444
-0.00896505	0.562399
0.0102193	0.414518
0.0186377	0.489221
-0.0143487	0.469055
0.127625	0.572907
0.247628	0.520435
0.0858579	0.490571
-0.0675732	0.386151
-0.203166	-0.0391615
-0.165976	-0.178004
-0.0964242	-0.289209
-0.277242	-0.152402
-0.234654	-0.33557
-0.413077	-0.169743
-0.550226	-0.0361721
-0.677825	0.203125
-0.504262	0.288877
-0.363376	0.793002
-0.473541	0.894001
-0.188096	0.740134
-0.26333	0.805665
-0.382735	0.946322
-0.428628	0.936918
-0.412384	1.01746
-0.517778	0.968204
-0.596853	0.98291
-0.605423	0.972228
-0.633165	0.861837
-0.638134	0.73804
-0.717425	0.623383
-0.733286	0.51258
-0.711286	0.416408
-0.714934	0.306736
-0.71093	0.233154
-0.706826	0.159955
-0.672687	0.100774
-0.58103	0.0165355
-0.498204	-0.0207897
-0.667634	0.407919
-0.894728	0.685339
-0.831255	0.586633
-0.649554	0.459549
-0.803372	0.515993
-0.7167	0.429988
-0.683643	0.362634
-0.83226	0.481402
-0.889445	0.456041
-0.768841	0.332703
-0.805076	0.348557
-0.869316	0.462127
-0.714935	0.377494
-0.54681	0.153236
-0.558412	0.141239
-0.345017	-0.0115814
-0.266269	0.0681418
-0.0671131	0.120525
0.0734155	0.244447
0.298736	0.305314
0.198076	0.220759
0.292637	0.0943951
0.237172	0.048103
0.189669	-0.0734472
0.00835932	0.123164
0.0908307	0.15212
-0.260438	0.230622
-0.454564	0.296427
-0.610241	0.430924
-0.671952	0.50039
-0.734622	0.504154
-0.66161	0.36302
-0.443662	0.0783559
0.163918	0.435255
0.111012	0.566303
-0.155935	0.300817
-0.390747	0.144006
-0.350822	0.110969
-0.125175	0.130721
-0.0608148	0.0949642
0.116911	0.0144755
0.0449673	0.0278101
-0.0190267	0.178486
-0.0147551	0.193452
-0.0612199	0.171633
-0.0353659	0.124366
-0.0131235	0.0804504
-0.0735298	0.136388
-0.115762	0.0335116
-0.179888	0.00403228
-0.256824	-0.0456594
-0.350104	-0.0226335
-0.384204	0.0132918
-0.439362	0.0685295
-0.475572	0.0850543
-0.505748	0.0592217
-0.447554	0.115681
-0.422083	0.0736212
-0.216519	-0.00419751
-0.0442853	0.0982338
-0.121853	0.379788
0.131	0.333779
-0.0719184	0.253847
0.0514764	0.0888494
0.236665	-0.25773
-0.244175	-0.158292
-0.429193	-0.0944249
-0.456744	-0.350571
-0.572732	-0.189351
-0.545025	-0.404949
-0.45566	0.0967837
0.103852	0.133843
0.0926812	0.102659
-0.10286	-0.0704816
-0.153225	-0.0254595
0.0313415	-0.0047352
-0.0108926	0.072208
0.0696212	0.000369002
-0.00657947	0.101215
-0.0292724	0.19958
0.123652	0.120112
-0.107852	0.0547327
-0.00155694	0.156148
-0.184382	0.133849
-0.297009	0.0166162
-0.460272	-0.0685441
-0.71675	-0.262826
-0.640922	-0.145072
-0.742611	-0.150298
-0.532714	-0.245666
-0.184591	0.489394
-0.150879	0.464174
-0.129195	0.566658
-0.278457	0.583329
-0.183562	0.432709
-0.3031	0.515944
-0.364769	0.452256
-0.410338	0.504386
-0.217547	0.466719
-0.155115	0.365199
0.0196041	0.356689
0.0317145	0.577263
-0.352366	0.53419
-0.125504	0.198967
-0.139614	-0.146552
-0.20166	-0.3065
-0.365487	-0.0159357
-0.410798	0.0039822
-0.60132	-0.147814
-0.677139	-0.30196
-0.590849	-0.225467
-0.54348	-0.360612
-0.57917	-0.0647335
-0.645175	-0.148735
-0.546881	0.188275
-0.263124	0.339806
-0.325355	0.166221
-0.346117	0.181284
-0.338294	0.678506
-0.00781125	0.634916
0.248738	0.486212
-0.535858	0.448874
-0.494304	0.463427
-0.49768	0.467483
-0.152749	0.393198
-0.174799	0.339741
0.0301455	0.146076
0.0859249	0.0579609
0.0488721	-0.0680853
-0.157919	-0.398149
-0.185068	-0.238288
-0.194454	-0.272046
-0.11812	-0.434163
-0.267666	-0.428137
-0.306318	-0.406837
-0.608443	-0.287939
-0.616446	-0.366423
-0.717081	-0.190176
-0.494663	-0.164702
-0.729467	-0.0669627
-0.650264	-0.398454
-0.668509	-0.160295
-0.850747	-0.33959
-0.529536	-0.342049
-0.653825	-0.51674
-0.699594	-0.11824
-0.322705	0.0919838
-0.451355	-0.0376153
-0.811302	-0.0135975
-0.616308	0.00867133
-0.235104	0.259649
-0.7118	0.479417
-0.661924	0.495191
-0.306734	0.467636
-0.303932	0.471344
-0.0516534	0.380966
-0.0667949	0.344086
0.156066	0.307378
0.0358915	0.29565
0.199538	0.354838
-0.150304	0.272879
-0.243109	0.257344
-0.152877	0.226043
-0.418114	-0.0850388
-0.159262	-0.0997252
-0.0159334	-0.209005
-0.0716104	-0.319028
-0.222398	-0.326151
-0.180803	-0.0708332
-0.184386	-0.19064
-0.259226	-0.164488
-0.217174	-0.190772
-0.21813	0.112118
-0.365797	0.0768112
-0.332739	-0.0123088
-0.526014	-0.0674048
-0.537931	-0.396329
-0.855198	0.0852339
-0.766265	-0.415982
-0.703065	-0.310009
-0.696469	-0.440282
-0.871444	-0.326726
-0.769446	-0.271917
-0.793381	-0.293747
-0.680529	-0.214425
-0.86319	-0.196236
-0.883564	-0.224208
-0.963378	-0.131094
-0.972645	-0.297146
-0.737042	-0.0216985
-0.83177	-0.276493
-0.808317	-0.143708
-0.709844	-0.21996
-0.953351	-0.156404
-0.687753	-0.136802
-0.766755	-0.130268
-0.907083	-0.257493
-0.689901	-0.185352
-0.773401	-0.269051
-0.691795	-0.138393
-0.278676	-0.0425936
-0.0575365	0.390761
-0.236472	0.415132
0.303439	0.620405
0.351864	0.695347
0.224418	0.818835
0.175005	0.910167
0.0669612	0.949488
-0.0109867	0.955437
-0.0551213	0.909858
-0.252818	0.853698
-0.449693	0.677448
-0.767564	0.543626
-0.841079	0.302041
-0.88528	0.134013
-0.532744	-0.247102
-0.319191	-0.298021
-0.239649	-0.163458
-0.588904	0.38679
-0.523523	0.411771
-0.41512	0.277421
-0.547267	0.331319
-0.168089	0.0914959
0.182233	-0.130832
-0.296776	-0.194788
0.041056	-0.331823
0.146374	-0.352578
0.278958	-0.349522
0.367205	-0.325294
0.38925	-0.257157
0.421385	-0.261698
0.339871	-0.167022
0.220808	0.228782
-0.14192	0.297695
-0.134726	-0.00293052
-0.25914	0.0908777
-0.255592	-0.187058
-0.528648	-0.0717578
-0.851661	-0.219883
-0.706673	-0.167106
-0.433392	0.0764863
0.098979	0.127537
0.255881	-0.00124663
0.369352	-0.0726982
0.362525	-0.0427306
0.358131	0.0503266
0.42572	0.0784335
0.0552053	0.302425
-0.0069916	0.180212
-0.305958	0.299518
-0.414623	0.353569
-0.291988	0.088861
-0.374614	-0.00682291
-0.840364	-0.159575
-0.662448	0.00461798
-0.225809	0.013718
-0.247793	-0.13213
-0.350097	-0.115718
-0.368503	-0.126128
-0.349405	-0.145664
-0.338582	-0.145578
-0.345021	-0.0737597
-0.665601	0.326902
-0.658885	0.372253
-0.766232	0.475104
-0.790974	0.497907
-0.647111	0.367963
-0.68469	0.440799
-0.511504	0.390667
-0.557674	0.385197
-0.614365	0.466094
-0.630759	0.533548
-0.63087	0.56476
-0.743604	0.642032
-0.814241	0.626528
-0.604442	0.543471
-0.719217	0.624822
-0.713123	0.670159
-0.635749	0.651702
-0.557787	0.601028
-0.450642	0.618169
-0.378589	0.409981
0.0326949	0.2677
0.25299	0.117629
0.265063	0.0992652
0.313068	0.08081
0.337664	0.0683786
0.321831	0.112047
0.369105	0.145893
0.339569	0.155364
0.365075	0.199042
0.321757	0.3792
0.249162	0.51127
0.0616818	0.527395
0.121368	0.22951
0.0068453	0.325064
-0.140799	0.111087
-0.0720052	0.107735
0.0535518	0.0635309
-0.0335739	0.197805
-0.261074	0.307686
-0.54232	0.362841
-0.663164	0.291672
-0.875779	0.356631
-0.798443	0.485359
-0.653635	0.614923
-0.551203	0.645103
-0.504731	0.57633
-0.324024	0.330344
-0.216589	0.0538219
-0.235664	-0.0757427
-0.221174	-0.0807949
-0.183136	-0.0980497
-0.255752	-0.00143649
-0.00944011	-0.00208102
-0.145522	0.0256862
-0.0643282	-0.00919697
-0.0718913	-0.0872638
-0.172705	-0.156993
-0.127698	-0.217067
-0.293255	-0.239178
-0.0374207	-0.144755
-0.331587	-0.105955
-0.119027	0.0506829
-0.297482	0.108422
-0.251591	0.0428985
-0.366844	0.0879578
-0.516035	-0.0227779
-0.629491	-0.113765
-0.677062	-0.196267
-0.675678	-0.192798
-0.638349	-0.225326
-0.766752	-0.24477
-0.783989	-0.285324
-0.733007	-0.179888
-0.727579	0.211597
-0.587072	0.452649
-0.400803	0.457846
-0.491355	0.572788
-0.310469	0.609211
-0.0112574	0.384189
0.203191	0.48627
0.012765	0.603135
-0.187274	0.353246
-0.0729995	0.267455
-0.23006	-0.0190496
-0.361147	-0.270257
-0.586673	-0.409493
-0.427487	-0.333745
-0.358164	-0.167007
-0.494966	-0.202077
-0.541239	-0.105751
-0.470133	-0.132338
-0.577084	-0.0161836
-0.582418	-0.0243933
-0.314915	0.336121
0.179102	0.529865
-0.581974	0.628726
-0.505995	0.602413
-0.401778	0.381223
-0.424364	0.288994
-0.622771	0.196008
-0.216802	0.0562014
-0.600004	0.0813599
-0.137947	0.41873
-0.085179	0.37805
-0.243029	0.0696035
-0.383751	-0.136464
-0.297946	-0.222391
-0.284113	-0.260491
-0.328437	-0.537727
-0.563128	-0.589446
-0.818582	-0.586964
-0.67442	-0.537528
-0.689161	-0.27667
-0.576771	-0.319135
-0.569398	-0.117116
-0.680778	-0.140924
-0.533649	-0.239851
-0.422438	-0.365134
-0.721973	-0.258272
-0.805786	0.132489
-0.565839	-0.0573834
0.351053	-0.332377
0.0107623	-0.276367
-0.240956	-0.318203
-0.477106	-0.428206
-0.619675	-0.440559
-0.518997	-0.634962
-0.386386	-0.602135
-0.169537	-0.513118
-0.192631	-0.0488771
-0.426311	0.0881029
-0.448363	0.338387
-0.349354	0.195261
-0.401199	0.0538695
-0.29015	-0.198502
-0.332486	-0.251358
-0.427566	-0.246873
-0.57591	-0.0369951
-0.546275	-0.207519
-0.336456	-0.400164
-0.233473	-0.234894
-0.55944	0.0165651
-0.360029	-0.131248
-0.30662	0.269893
-0.217368	0.73423
-0.356741	0.773933
-0.249925	0.8227
-0.123588	0.835901
-0.12032	0.9705
-0.366919	0.752659
-0.395092	0.153676
-0.513379	-0.0276609
-0.643012	0.00646225
-0.620043	-0.328008
-0.596274	-0.316216
-0.651565	-0.28775
-0.814976	-0.108025
-0.689077	-0.202
-0.335124	-0.548623
-0.216003	-0.506567
-0.541784	-0.398582
-0.15173	-0.321189
-0.361221	-0.0564092
-0.165105	-0.101726
0.0193482	0.317948
0.350592	0.350105
0.174805	0.52701
0.239937	0.557814
0.359477	0.486525
0.212863	0.428781
0.0132804	0.496567
0.114228	0.466475
0.0941897	0.571117
0.131003	0.524275
0.0513708	0.446909
-0.2826	0.265629
-0.594832	-0.0331241
-0.749059	-0.280063
-0.394337	0.495663
-0.72478	0.338933
-0.987021	0.41475
-0.902294	0.305185
-0.766436	0.377033
-0.686732	0.384335
-0.603501	0.370716
-0.159369	0.41186
-0.24012	0.287342
0.0736662	0.136589
-0.319708	0.175793
-0.67728	0.383574
-0.497723	0.262878
-0.332135	0.159815
-0.0065883	-0.0175245
0.366208	0.0183861
0.360081	0.224616
0.354221	0.302005
0.351056	0.54258
0.301788	0.27946
0.330476	0.318458
0.251011	0.0835817
0.379869	-0.0174815
0.239437	0.336099
0.0266635	0.510544
-0.312851	0.454848
-0.274694	0.0502307
-0.269075	0.106089
-0.123115	0.398097
-0.1719	0.392893
-0.293218	0.182505
-0.324834	0.197353
-0.4374	-0.00148348
-0.519182	-0.086781
-0.700281	-0.219156
-0.665571	-0.203529
-0.770827	-0.240001
-0.800325	-0.309405
-0.833945	-0.209756
-0.896934	-0.286415
-0.891198	-0.459542
-1.01981	-0.471518
-0.944218	-0.424591
-0.925779	-0.303838
-0.834291	0.0314984
-0.760111	-0.260407
-0.842824	-0.125291
-0.791085	-0.316805
-0.972449	-0.204495
-0.808309	-0.214631
-0.526872	-0.297974
-0.706071	-0.47408
-0.568657	-0.372185
-0.408009	-0.17489
-0.378494	-0.294468
-0.488714	-0.48177
-0.402273	-0.40368
-0.441622	-0.547496
-1.01444	-0.303918
-0.5859	-0.555208
-0.440576	-0.520193
-0.379737	-0.409367
-0.234424	-0.324739
-0.197505	-0.272928
-0.167948	-0.257102
-0.230713	-0.273058
-0.331796	-0.315977
-0.414868	-0.282218
-0.490878	-0.378744
-0.494932	-0.418067
-0.55419	-0.420802
-0.637703	-0.454505
-0.704818	-0.400514
-0.810826	-0.262365
-0.805895	-0.203715
-0.665045	-0.238728
-0.804517	0.164076
-0.241388	0.53076
-0.148454	0.465733
-0.0434845	0.602314
0.00777715	0.402965
-0.106203	0.153312
-0.132523	0.0217248
-0.27332	-0.223353
0.246856	-0.382349
0.312508	-0.325933
0.126225	-0.241332
-0.187767	-0.262408
-0.393548	-0.0327548
0.110461	0.328913
0.271954	0.489404
0.172619	0.211236
0.387995	0.0284498
0.451418	-0.0544818
0.441518	0.0506193
0.367454	0.134069
0.53726	0.0994466
0.603857	-0.00637389
0.593255	-0.0332188
0.818612	-0.280479
0.680314	-0.186452
0.644705	-0.250008
0.576579	-0.082766
0.409193	0.0123281
0.214882	0.0488523
0.181401	0.156598
0.088132	0.0301085
-0.254096	0.231605
-0.316268	0.288972
-0.527393	0.224996
-0.412378	0.0555159
-0.63096	0.10702
-0.921127	0.356201
-0.938195	0.483592
-0.838784	0.441882
-0.931217	0.590903
-0.822834	0.628013
-0.723941	0.690311
-0.703846	0.738563
-0.702892	0.768187
-0.574239	0.777188
-0.502887	0.788099
-0.427319	0.805148
-0.457526	0.838733
-0.527316	0.764248
-0.619941	0.731465
-0.731018	0.619987
-0.79759	0.330832
-0.694094	0.211282
-0.471314	-0.0769502
-0.309276	-0.0755307
-0.283945	-0.0551485
-0.0415233	-0.0245245
0.053272	-0.0133014
0.0416008	0.0815242
0.40627	0.0702598
0.397942	0.241804
0.155993	0.263501
0.560226	0.359952
0.677945	0.380493
0.665367	0.552707
0.587273	0.532407
0.196896	0.324413
-0.0151621	0.442407
-0.143493	0.127504
-0.288825	0.126077
-0.264806	0.06717
-0.238377	-0.107388
-0.342141	-0.347896
-0.496165	-0.244986
-0.330768	-0.404019
-0.361623	-0.266571
-0.243206	-0.257785
-0.426571	-0.378516
-0.454913	-0.266373
-0.442443	-0.337718
-0.538296	-0.0412229
-0.440798	-0.198689
-0.329002	-0.380031
-0.573416	-0.46172
-0.715119	-0.306122
-0.673295	-0.275724
-0.628962	-0.221518
-0.644811	-0.0101808
-0.639382	0.275971
-0.562928	0.583616
-0.286568	0.573854
0.0216938	0.534329
0.0883729	0.609289
-0.0438695	0.663169
-0.101946	0.502335
-0.408518	0.269289
-0.344944	0.034983
-0.419165	-0.0344827
-0.675259	-0.120003
-0.211847	-0.191325
0.214848	-0.274415
-0.243737	-0.200953
-0.604383	-0.38159
-0.424731	-0.465278
-0.420912	-0.268011
0.14294	0.350685
0.171023	0.461594
0.0675996	0.577011
-0.328293	0.339781
-0.633093	0.411394
-0.662787	0.512407
-0.622435	0.444251
-1.00662	0.803578
-0.897381	0.755115
-0.685295	0.616912
-0.463854	0.324732
-0.4022	-0.0464142
-0.772343	0.02904
-0.806846	0.0419108
-0.841663	0.0875339
-0.76493	-0.0343559
-0.909746	0.0555793
-0.502245	0.198395
-0.420452	0.374211
-0.628227	0.136429
-0.480431	0.372189
-0.634337	0.50061
-0.576299	0.317181
-0.632313	0.53862
-0.578482	0.279025
-0.620117	0.41443
-0.599462	0.298808
-0.652386	0.158425
-0.50865	0.113721
-0.871732	-0.0267264
-0.731607	-0.0808399
-0.668588	-0.0906662
-0.699825	-0.221993
-0.633418	-0.34369
-0.985479	-0.22359
-0.620978	-0.165865
-0.788487	-0.294297
-0.758496	-0.405056
-0.764355	-0.117134
-0.927902	-0.22422
-0.654276	-0.236042
-0.714947	-0.269812
-0.756621	-0.316711
-0.67771	-0.118573
-0.996123	-0.360995
-1.0753	-0.107038
-0.775752	-0.119278
-0.600501	-0.319929
-0.781177	-0.286614
-0.767198	-0.170279
-0.589562	0.0088483
0.0412493	0.385596
-0.354033	0.433042
0.0105564	0.310269
-0.205591	0.227709
-0.343523	0.040685
-0.298237	0.096715
-0.595468	0.119228
-0.476435	-0.0850033
-0.2779	-0.169191
-0.185612	-0.261999
-0.236666	-0.100689
-0.11629	-0.221304
-0.173092	-0.115709
-0.156732	-0.110873
-0.0722385	-0.0831957
-0.174387	-0.0362077
-0.216271	0.0429205
-0.246269	0.214002
-0.473718	0.589905
-0.336137	0.644139
-0.292091	0.656801
-0.228645	0.446932
-0.33611	0.372372
-0.0773571	0.186201
-0.0878412	0.171042
-0.174914	0.174854
-0.444046	0.256262
-0.845189	0.18094
-1.00178	0.148089
-0.8616	-0.209319
-0.977619	-0.182569
-0.669581	-0.0856156
-0.284677	0.0962725
-0.0346912	0.129441
0.0616604	0.110152
0.264324	0.00347271
0.314362	0.109833
0.22974	0.137902
-0.111894	0.35377
-0.144657	0.468236
-0.323094	0.291411
-0.528222	0.0392553
-0.341451	-0.14347
-0.546276	-0.257223
-0.630659	-0.124813
-0.5764	-0.224832
-0.298557	-0.333934
-0.128564	-0.43946
-0.341129	-0.480328
-0.30671	-0.321109
-0.407244	-0.308206
-0.540228	0.0615943
-0.66475	0.0291176
-0.628785	0.38713
-0.476489	0.471859
-0.493584	0.295192
-0.362008	0.0888079
-0.316563	0.0152794
-0.254182	-0.0285185
-0.2177	-0.134968
-0.231407	-0.178073
-0.219998	-0.283982
-0.230509	-0.285104
-0.222623	-0.306025
-0.237279	-0.289906
-0.148614	-0.323697
-0.0738204	-0.375291
-0.123152	-0.311427
-0.0674507	-0.307208
-0.230371	-0.255232
-0.0527508	-0.374384
0.0791058	-0.473777
0.0376938	-0.49578
0.158055	-0.597507
0.206318	-0.597152
0.12917	-0.599287
-0.00366352	-0.518353
0.0229474	-0.544714
0.0087127	-0.499437
0.132967	-0.344953
0.217953	-0.0900559
-0.109051	0.194386
-0.242919	0.241697
0.122182	0.186067
0.159811	-0.0043349
0.214549	-0.0550855
0.00166866	0.138455
0.28723	-0.158832
0.000401825	-0.313857
0.0732944	-0.530511
0.0398914	-0.327003
-0.0732887	-0.367241
-0.424529	-0.226997
-0.393889	-0.400647
-0.596934	-0.435903
-0.660119	-0.514356
-0.612988	-0.132952
-0.664157	-0.0737505
-0.586206	0.0055337
0.0576801	0.214084
0.031614	0.224888
-0.0108306	0.0907111
0.0517086	-0.116683
-0.156772	0.0645846
-0.315423	0.179821
-0.546786	0.591563
-0.690561	0.654731
-0.610551	0.642005
-0.625019	0.656256
-0.519119	0.60107
-0.578935	0.663564
-0.538947	0.696098
-0.515103	0.715245
-0.610206	0.853371
-0.61562	0.87766
-0.567783	0.972543
-0.353384	0.944025
-0.409356	0.84099
-0.431641	0.703274
-0.370076	0.320214
-0.592658	0.183301
-0.708405	0.216828
-0.781177	0.20241
-0.79158	0.248773
-0.922791	0.340152
-0.867994	0.291071
-0.866809	0.348328
-1.00309	0.467295
-0.924583	0.698998
-0.283767	0.446583
-0.0118557	0.387946
-0.343437	0.214789
-0.334219	0.263217
-0.28673	0.206002
-0.327022	0.113466
-0.300682	-0.323354
0.101805	-0.341623
-0.146342	-0.0964782
-0.584176	0.333185
-0.682398	0.0898524
-0.39227	0.280607
-0.421404	0.146526
-0.162845	0.256476
-0.366244	0.207521
-0.064887	-0.108234
-0.0355429	-0.192897
-0.314875	-0.184668
-0.581911	-0.0323131
-0.530418	0.00447036
-0.471348	0.0639864
-0.229946	0.141817
0.074802	0.193904
-0.114521	0.119711
-0.250018	-0.0700134
-0.788525	-0.0818791
-1.00149	-0.231307
-0.764036	-0.0792586
-0.311558	0.169524
-0.368246	0.152301
-0.491611	0.0999735
-0.754903	0.133653
-0.721141	0.116116
-0.49702	0.0590479
-0.395545	0.037699
-0.420521	0.55242
-0.535185	0.588685
-0.638283	0.566228
-0.608959	0.629147
-0.654811	0.631887
-0.58982	0.574921
-0.365733	0.574764
0.00497724	0.71264
0.186354	0.873565
0.254968	0.891002
0.23941	0.949347
0.184629	0.997544
0.0334135	0.855801
-0.147223	0.579333
-0.234271	0.29068
-0.322699	0.282652
-0.352575	0.236865
-0.421489	0.230556
-0.433406	0.249948
-0.522907	0.210975
-0.873511	0.475579
-0.836849	0.672765
-0.744149	0.562438
-0.888147	0.609762
-0.953087	0.612715
-0.890222	0.583505
-0.82496	0.213784
-0.702383	-0.0718079
-0.602153	-0.272691
-0.640873	-0.318942
-0.626964	-0.323458
-0.664467	-0.31037
-0.57951	-0.34352
-0.545923	-0.240248
-0.666361	0.0904018
-0.65255	0.237803
-0.60365	0.143887
-0.441341	0.163025
-0.119757	0.100628
0.122479	0.301716
0.0399259	0.445747
-0.0329926	0.441902
-0.140363	0.152758
-0.277842	-0.0925754
-0.370361	-0.0826404
-0.434834	-0.189855
-0.655305	0.15576
-0.982382	-0.118536
-0.784655	-0.0775365
-0.736166	0.276471
-1.19369	0.319842
-0.754536	0.605167
-0.529732	0.29362
-0.133808	0.134377
-0.0346338	0.237598
-0.00960893	0.332135
0.0480939	0.283549
0.0832921	0.169587
0.047653	0.139172
-0.0459479	0.264831
-0.150304	0.112771
-0.280889	0.239195
-0.450885	0.0427204
-0.198303	0.0447913
-0.455192	-0.0341409
-0.675018	-0.0510819
-0.743703	-0.141724
-0.888226	-0.182922
-0.644526	-0.0326335
-0.521913	0.188816
-0.0719432	-0.0380815
-0.0135028	-0.560781
0.0949146	-0.58039
0.0224123	-0.566896
-0.140139	-0.59434
-0.474078	-0.329215
-0.39738	-0.346842
-0.240175	-0.350199
0.154289	-0.228137
0.157444	0.0548189
0.0744315	0.0839444
0.132254	0.00102271
-0.0726476	-0.257561
-0.0996068	-0.418164
-0.182529	-0.405122
-0.112788	-0.532783
-0.0837232	-0.514411
-0.286422	-0.436697
-0.105027	-0.212828
-0.150774	-0.452143
-0.192716	-0.154706
-0.489898	-0.138961
-0.587446	-0.0216677
-0.0595416	0.196069
-0.0919844	0.02926
0.0255953	-0.416638
-0.306839	-0.351311
-0.432499	-0.168536
-0.466075	-0.0206424
-0.109888	0.0615118
0.318636	-0.033352
0.423911	0.176643
0.534108	0.354878
0.419393	0.294068
-0.0961978	0.228701
-0.450913	0.0645168
-0.481301	-0.107824
-0.489583	0.112483
-0.668243	0.111409
-0.601809	-0.0543317
-0.217077	0.0558801
-0.000331964	0.494598
0.478511	0.432466
0.29014	0.542865
0.0411352	0.586997
0.0725614	0.495586
-0.235671	0.642267
-0.216648	0.551086
-0.0608231	0.438858
-0.161035	0.487602
-0.210638	0.472441
-0.119774	0.400997
-0.133838	0.444938
-0.0596427	0.596142
-0.0372821	0.499921
0.223462	0.132039
0.329978	-0.310011
0.116925	-0.0894834
-0.0209628	0.00465089
-0.232318	0.12963
-0.27074	0.324216
-0.335885	0.376697
-0.686413	0.381665
-0.863799	0.423878
-0.859247	0.311991
-0.828836	0.243834
-0.809758	0.21754
-0.823309	0.208019
-0.806494	0.181161
-0.728748	0.168918
-0.183331	0.522948
-0.271196	0.512522
-0.390957	0.387158
-0.181658	0.42786
-0.231708	0.297108
-0.372447	0.329022
-0.403119	0.396923
-0.39582	0.180548
-0.366176	0.540787
-0.322447	0.437022
-0.301534	0.363203
-0.354708	0.254476
-0.476953	0.140829
-0.401709	-0.0904347
-0.397925	-0.121555
-0.34048	-0.235131
-0.366569	-0.451063
-0.44133	-0.152
-0.052765	-0.233973
-0.275688	-0.33733
-0.450426	-0.174992
-0.416047	-0.182432
-0.530586	-0.187313
-0.669574	-0.0557575
-0.788502	-0.241595
-0.825535	-0.163257
-0.774864	-0.306881
-0.857636	-0.139268
-0.848328	-0.0967511
-0.674581	-0.128475
-0.662115	-0.139264
-0.613385	-0.165104
-0.741071	-0.141615
-0.371456	-0.134345
-0.216196	-0.144229
0.153129	0.15405
0.317071	-0.041651
0.338649	-0.187744
0.348237	-0.115448
0.310656	-0.297307
0.0721265	-0.069782
-0.340127	0.28373
-0.47121	0.302551
-0.451368	0.198658
-0.629995	0.361622
-0.53384	0.203563
-0.442303	-0.0785095
-0.405587	-0.484045
-0.604748	-0.512635
-0.492911	-0.567809
-0.664921	-0.478459
-0.827409	-0.377311
-0.634331	-0.506276
-0.403934	-0.547401
-0.269911	-0.545121
-0.240523	-0.489307
-0.229135	-0.408814
-0.135358	-0.329502
-0.125785	-0.147188
0.037196	-0.0706858
0.0109338	0.0699303
-0.051527	0.152095
-0.361417	0.414243
-0.536727	0.287867
-0.633109	0.335734
-0.591609	0.201945
-0.347791	0.297626
-0.342277	0.0264067
-0.310541	0.0583061
-0.244813	0.00905885
-0.190262	0.206996
0.118934	0.0668347
0.178948	-0.126366
-0.0701209	-0.275371
-0.263766	-0.150742
-0.393133	-0.0546513
-0.516838	0.036181
-0.396354	-0.0802
-0.444404	-0.0869541
-0.437113	-0.110521
-0.479662	-0.0598649
-0.558137	0.189975
-0.588444	0.539798
-0.500934	0.7899
-0.226108	0.272804
-0.313812	0.277014
-0.42086	0.380429
-0.291459	0.351747
-0.0288808	0.385543
0.0470311	0.397014
0.20881	0.371245
0.00728754	0.51771
-0.314327	0.126103
-0.0891181	0.0575751
-0.211704	0.176682
-0.37102	-0.127326
-0.469289	-0.213759
-0.2721	-0.23775
-0.382597	-0.111023
-0.511214	0.236992
-0.634673	0.323876
-0.611771	0.274041
-0.71008	-0.0669277
-0.744158	-0.123961
-0.687096	-0.175754
-0.980394	-0.190375
-0.877248	0.213858
-0.511028	0.533678
-0.378716	0.52478
-0.660778	0.790732
-0.679117	0.731445
-0.736208	0.702002
-0.665317	0.473861
-0.264376	0.528111
-0.530756	0.205559
-0.752365	0.0957606
-0.820013	0.0815191
-0.860986	-0.0990033
-0.747197	-0.207033
-0.77189	-0.236154
-0.765093	-0.233294
-0.698343	-0.197363
-0.668404	-0.0537753
-0.678965	-0.0264051
-0.410085	-0.203932
-0.00878685	-0.19613
0.0474633	0.0603894
-0.0522599	0.410412
-0.239039	0.54153
-0.17049	0.158763
-0.405903	0.167628
-0.546321	0.00164102
-0.482187	-0.00205594
-0.655075	-0.208328
-0.643929	-0.278633
-0.601244	-0.129829
-0.436657	-0.104228
-0.319071	-0.198729
-0.406464	-0.169547
-0.672164	-0.0481828
-0.607455	-0.0548736
-0.406099	0.0979409
-0.167188	0.168414
-0.00859729	0.165843
0.0736686	0.194098
-0.242032	0.0564868
-0.431062	-0.0336848
-0.438662	-0.239298
-0.737748	0.0376745
-0.723912	-0.0372374
-0.933367	-0.0596248
-0.782466	-0.0970658
-0.65332	0.0107433
-0.697185	-0.0218342
-0.663902	-0.120975
-0.560137	-0.198469
-0.413885	-0.22639
-0.59845	-0.0163751
-0.838964	0.406487
-0.93421	0.428488
-0.895383	0.380905
-0.932731	0.409489
-0.670984	0.0797054
-0.504055	-0.135254
-0.32637	-0.340417
-0.50181	-0.3635
-0.621531	-0.408391
-0.733932	-0.362599
-0.816613	-0.284515
-0.877293	-0.189574
-0.919099	-0.0829488
-0.796166	-0.0343345
-0.417738	0.0552938
-0.184299	0.0549826
-0.312077	-0.0615429
-0.403128	-0.333903
-0.688404	-0.341077
-0.89302	-0.188156
-0.934957	-0.0376758
-0.491371	0.319264
-0.360591	0.585192
-0.107782	0.501856
-0.308077	0.757321
-0.240892	0.849972
-0.289909	0.886331
-0.403487	0.864538
-0.126461	0.599355
-0.143167	0.533754
-0.018093	0.611518
0.0739963	0.363562
-0.192391	0.264141
-0.131327	0.440269
-0.103506	0.359301
-0.0671515	0.408878
-0.120997	0.478296
-0.235021	0.49578
-0.532213	0.345659
-0.803173	0.137501
-0.519903	0.0741979
-0.62807	-0.0157375
-0.843791	-0.00555924
-0.593444	-0.206619
-0.454986	-0.317844
-0.347351	-0.426051
-0.098883	-0.38393
0.0611238	-0.235397
-0.0860453	0.0176963
-0.356411	0.193813
-0.820909	0.20341
-0.652683	0.002856
-0.442227	-0.0847818
-0.584627	-0.10382
-0.601264	-0.174148
-0.794282	-0.169876
-0.75446	-0.166183
-0.964044	-0.137181
-0.719181	-0.255937
-0.330786	-0.219355
0.0493291	0.0420635
0.232785	0.0426033
0.308632	-0.0506757
0.062901	0.147769
-0.431677	0.535207
-0.482279	0.552911
-0.568297	0.58029
-0.571112	0.544587
-0.638798	0.562971
-0.596819	0.432282
-0.730631	0.58859
-0.626639	0.472475
-0.613047	0.441531
-0.62349	0.549886
-0.708229	0.708748
-0.671823	0.586728
-0.528089	0.345791
-0.360235	-0.0866291
-0.386211	-0.239684
-0.503734	-0.245366
-0.70442	-0.139119
-0.760178	-0.172537
-0.781872	-0.125383
-0.469416	-0.300446
-0.53842	0.0106292
-0.464881	0.194745
-0.497626	0.525239
-0.666187	0.476273
-0.873764	0.544762
-0.85363	0.534559
-0.689809	0.427653
-0.44649	0.231184
-0.494371	0.269042
-0.451098	0.196734
-0.0395759	-0.119755
0.269101	-0.100992
0.234517	0.266678
0.452491	-0.0237104
0.183898	-0.0105126
0.212266	-0.265021
0.382304	-0.532685
0.0293476	-0.558231
-0.198577	-0.396101
-0.0416151	-0.695591
-0.054604	-0.520754
-0.1545	-0.439601
-0.43106	-0.196959
0.117512	-0.0661772
0.198525	-0.0471923
0.0373899	-0.00365469
-0.0936071	-0.11569
-0.33415	-0.176635
-0.229599	-0.244069
-0.105977	-0.0899857
-0.0649816	0.310338
-0.409016	0.455688
-0.840667	0.0548955
-0.692706	0.0589302
-0.0593898	0.160034
0.191723	0.373582
-0.291524	0.183928
-0.465957	-0.0455625
-0.566686	-0.0607704
-0.593841	-0.166812
-0.615064	-0.260562
-0.774044	-0.250035
-0.968008	-0.270394
-0.991884	-0.31637
-0.98479	-0.299442
-0.944398	-0.333896
-0.935342	-0.360056
-1.03502	-0.244702
-1.05692	-0.0908896
-0.596174	-0.171024
-0.697366	-0.216394
-0.373987	0.131887
-0.76901	0.169176
-0.261385	0.252494
-0.662738	0.342005
-0.228548	0.309126
-0.508346	0.480983
-0.249404	0.379562
-0.160628	0.498738
-0.211162	0.348484
-0.13052	0.381291
-0.193535	0.289841
-0.338537	0.0673425
-0.612384	-0.0978154
-0.593215	0.121798
-0.685464	-0.208894
-1.25779	-0.637928
-0.915232	-0.409713
-0.798306	-0.188862
-0.665221	-0.283711
-0.735699	-0.246772
-0.725278	-0.189929
-0.739815	-0.272885
-0.810854	-0.177107
-0.743752	-0.102276
-0.822719	-0.273804
-0.749142	-0.337026
-0.722815	-0.245024
-0.76587	-0.461064
-0.70895	-0.15318
-0.602248	-0.278792
-0.621376	-0.171185
-0.80177	-0.0794435
-0.840736	-0.247529
-0.779219	-0.4664
-0.727496	-0.287579
-0.49028	-0.0571215
0.305831	0.442918
0.0117096	0.571239
-0.155184	0.658742
-0.221147	0.760343
-0.257042	0.730062
-0.467394	0.678871
-0.437582	0.836343
-0.378186	0.784825
-0.374417	0.783437
-0.297257	0.738441
-0.411512	0.76106
-0.386316	0.728334
-0.295712	0.621335
-0.309178	0.736014
-0.271988	0.716406
-0.307023	0.663268
-0.301378	0.406109
-0.0602249	0.377989
0.212465	0.114912
0.398774	-0.107497
0.452251	-0.313828
0.552088	-0.108136
0.290186	-0.00558063
-0.0937699	-0.0145434
-0.293346	-0.161934
-0.242911	-0.370647
-0.432441	-0.340576
-0.323539	-0.602636
-0.539855	-0.33384
-0.602501	-0.369176
-0.509872	-0.234102
-0.648323	-0.0387067
-0.791776	0.220221
-0.738523	-0.103099
-0.620652	-0.404372
-0.892892	-0.293685
-0.998461	-0.166137
-0.950049	-0.0759195
-0.902451	0.120359
-0.689382	0.344681
-0.491313	0.597537
-0.236175	0.727068
-0.0933587	0.86787
-0.0103968	0.185131
-0.0837799	0.187703
-0.0864772	0.293099
-0.109888	0.297525
0.0387827	0.43679
-0.106905	0.420452
-0.187659	0.446908
-0.069813	0.475724
-0.16861	0.470195
-0.580659	0.0756765
-0.749247	0.195281
-0.60311	-0.137109
-0.788475	-0.127809
-0.809025	-0.199199
-0.765451	-0.227401
-0.734376	0.0477471
-0.735601	0.114295
-0.691254	0.109923
-0.686901	-0.00144998
-0.727119	-0.177907
-0.716703	-0.194814
-0.735513	-0.139569
-0.733029	-0.0642205
-0.587816	-0.0229099
-0.330263	-0.0109737
-0.325358	0.0206069
-0.341836	0.089482
-0.383989	-0.0753089
-0.258121	-0.324371
-0.0353475	-0.354619
-0.315015	-0.30022
-0.24291	-0.210759
-0.383898	-0.184227
-0.169211	0.0274421
-0.0544264	0.463911
-0.448861	0.452373
-0.328454	0.0424641
-0.412783	0.163816
-0.434694	0.167801
-0.337156	0.235164
-0.449581	0.468022
-0.260604	0.35282
-0.0414971	0.0505932
-0.0992397	-0.00784669
-0.140603	-0.0277228
-0.350939	0.462819
-0.634113	0.771509
-0.604723	0.731235
-0.738599	0.691881
-0.975887	0.772412
-1.02011	0.674557
-0.660062	0.374608
-0.342135	0.0718105
-0.644548	-0.259703
-0.48777	-0.371971
-0.572659	-0.331385
-0.578579	-0.324225
-0.546986	-0.146847
-0.300086	-0.19264
-0.0363267	0.157578
-0.0718633	-0.0564178
-0.0415647	-0.279743
-0.113717	-0.548677
-0.0802628	-0.514107
-0.207979	-0.429005
-0.406542	-0.280561
-0.512689	-0.12671
-0.383663	0.0445238
-0.528201	0.0946684
-0.635445	-0.100868
-0.509453	0.255834
-0.43484	0.168199
-0.379926	-0.146195
-0.634721	-0.0898207
-0.57979	-0.0690398
-0.624332	-0.025856
-0.485121	-0.148068
-0.495659	-0.136895
-0.514013	-0.153052
-0.515814	-0.20034
-0.624392	-0.218188
-0.774271	-0.198085
-0.743279	-0.311546
-0.625243	-0.342355
-0.512454	-0.383743
-0.207515	-0.470733
-0.252373	-0.135596
-0.405899	0.138104
-0.921117	0.679549
-1.14692	0.541351
-1.04948	0.396706
-0.497041	0.343669
-0.0710386	0.204715
-0.2533	0.189852
-0.0998717	0.0193876
-0.0802061	0.233124
-0.295868	0.291622
-0.453008	0.474555
-0.246578	0.41328
-0.310178	0.348407
-0.286893	0.47429
-0.182178	0.523132
-0.371893	0.497189
-0.275483	0.492657
-0.226654	0.7826
-0.297867	0.696154
-0.403306	0.67902
-0.241374	0.848038
-0.3436	0.831791
-0.0277832	0.782184
-0.201051	1.07342
-0.154192	1.00201
-0.180794	1.1145
-0.106958	1.02432
-0.20671	0.861082
-0.310648	0.779666
-0.342349	0.619507
-0.299279	0.388222
-0.543078	0.311166
-0.71625	0.363602
-0.862429	0.384673
-0.667097	0.313202
-0.810698	0.309245
-0.630332	0.541727
-0.695715	0.286091
-0.582988	0.262355
-0.518408	0.243871
-0.564508	0.120209
-0.568488	0.0363424
-0.819742	0.18198
-0.756847	-0.161152
-0.70802	-0.223535
-0.610709	-0.403633
-0.666172	-0.246286
-0.651795	-0.316032
-0.700666	-0.307759
-0.885139	-0.111703
-0.559902	-0.314047
-0.789897	-0.16436
-0.786321	-0.112919
-0.754657	-0.2401
-0.769356	-0.132432
-0.608081	-0.306277
-0.887426	-0.258529
-0.804111	-0.173029
-0.947049	-0.140568
-0.845218	-0.178747
-0.985071	-0.236809
-0.785288	-0.246256
-0.793734	-0.351399
-0.799577	-0.240536
-0.84252	-0.353432
-0.76303	-0.177801
-0.410817	0.304501
-0.569938	0.267537
-0.582281	0.266491
-0.502148	0.313165
-0.371649	0.502665
-0.404234	0.184643
-0.478093	0.395954
-0.338623	0.708626
-0.118008	0.544494
0.280583	0.16
-0.0199099	0.219493
-0.100152	0.0532285
-0.196983	-0.0556147
-0.254294	-0.273877
-0.416953	-0.0848676
-0.510923	-8.27166e-05
-0.514663	0.0489168
-0.456242	0.144334
-0.129709	0.300473
-0.221165	0.41374
-0.247556	0.318162
-0.322482	0.364459
-0.285034	0.326909
-0.550047	0.486783
-0.63052	0.664749
-0.578688	0.674185
-0.358444	0.632985
-0.0855325	0.447179
-0.0760985	0.499213
-0.151237	0.497723
0.0606192	0.39238
-0.0465154	0.432464
0.202094	0.390908
0.34641	0.250367
0.139137	0.372616
0.164715	0.484068
-0.488364	0.831733
-0.726424	1.02072
-0.870517	1.02311
-1.09688	0.884763
-1.10571	0.709936
-0.84437	0.309915
-0.692705	0.08349
-0.584884	-0.0475205
-0.509515	-0.112616
-0.408523	-0.13091
-0.252362	-0.236002
-0.214649	-0.232627
-0.0655798	-0.255707
0.0388635	-0.376634
0.124804	-0.265286
0.0886447	-0.0447516
-0.18283	0.219099
-0.239509	0.0691024
-0.340616	-0.151791
-0.283137	0.0755186
-0.196086	0.304238
0.0515312	-0.278702
0.0703781	-0.278567
-0.0152278	-0.276735
-0.077803	-0.208666
-0.152779	-0.0444961
-0.15151	0.0252991
-0.29723	0.215432
-0.480022	0.476745
-0.537947	0.599678
-0.394209	0.518763
-0.273451	0.637191
-0.118576	0.639515
-0.124191	0.615739
-0.105993	0.659065
0.0668507	0.41952
0.00289782	0.200008
-0.446022	0.150342
-0.51514	-0.0776706
-1.2117	-0.0497926
-0.952734	0.0277595
-0.493384	0.320089
-0.639878	0.354532
-0.467678	0.231029
-0.269751	0.167354
-0.384576	-0.0314328
-0.394708	-0.11125
-0.32762	0.0276151
-0.378576	0.461666
-0.426301	0.322962
-0.524875	0.337074
-0.583965	0.372889
-0.694518	0.447136
-0.681114	0.353628
-0.761116	0.35454
-0.78288	0.194861
-0.593447	-0.328941
-0.463348	-0.432477
-0.538173	-0.322487
-0.690345	-0.0790335
-0.583385	-0.0765559
-0.465414	-0.00114033
-0.348039	0.16382
-0.344514	0.351261
-0.25847	0.492011
-0.186747	0.733361
-0.398527	0.930616
-0.313062	0.947222
-0.257921	0.940804
-0.228439	0.920142
-0.216655	0.914154
-0.195246	0.93685
-0.256719	0.850413
-0.295882	0.836503
-0.343808	0.766771
-0.524288	0.697475
-0.746513	0.605558
-0.81269	0.39694
-0.850815	0.203155
-0.896379	0.0661852
-0.86415	-0.0582661
-0.685117	-0.196379
-0.647394	-0.0595354
-0.563476	0.213642
-0.337416	0.220422
-0.209391	0.363896
-0.302979	0.499085
-0.216455	0.617677
-0.301216	0.50925
-0.108247	0.564205
-0.160395	0.492374
-0.24857	0.399999
-0.259082	0.136163
-0.539435	0.155908
-0.692505	-0.0204158
-0.711322	-0.164408
-0.56117	-0.21055
-0.746598	-0.262257
-0.689887	0.0491771
-0.460259	0.222058
-0.362141	-0.360721
-0.411113	-0.381233
-0.758786	-0.256231
-0.879958	-0.260797
-0.759161	-0.299724
-0.856532	-0.148979
-0.865969	-0.0540166
-0.591447	-0.104335
-0.230221	-0.129941
-0.519281	-0.307344
-0.457514	-0.385195
-0.434326	-0.209537
-0.573093	-0.0394866
-0.603152	-0.0730404
-0.538395	-0.072581
0.187585	-0.470303
0.332071	-0.75311
0.106893	-0.366354
-0.474639	-0.0180297
-0.576757	0.396831
-0.499505	0.375585
-0.81856	0.0964874
-0.5964	0.0379717
-0.493904	-0.0123025
-0.655396	-0.208183
-0.924888	-0.243729
-0.664791	-0.193119
-0.595415	-0.257011
-0.180291	0.168417
0.0592163	0.513836
0.177155	0.533181
0.0984087	0.554982
0.0606303	0.544161
0.212307	0.570506
0.191641	0.552937
0.33504	0.257687
0.0108917	-0.02374
-0.0643644	-0.207719
0.125393	-0.419395
0.0144926	-0.308478
-0.0531005	-0.413641
-0.115912	-0.27775
-0.219871	-0.408069
-0.318398	-0.383158
-0.520952	-0.00341899
-0.38715	0.506807
-0.403126	0.711652
-0.268204	0.730683
-0.305065	0.77161
-0.359922	0.872047
-0.491291	0.934581
-0.525445	0.637882
-0.701416	0.758741
-0.720017	0.563044
-0.738276	0.449332
-0.066801	0.299934
-0.108508	0.303799
-0.0415231	0.145535
0.121855	0.222373
0.0640686	0.174377
0.0404686	0.361733
-0.0313305	0.317804
-0.194283	0.488359
-0.367726	0.20904
-0.508249	0.271986
-0.983847	0.39963
-0.831986	0.391749
-0.739641	0.385566
-0.586573	0.363522
-0.410722	0.391585
-0.230881	0.442974
-0.165509	0.555453
-0.083014	0.0706148
-0.332359	-0.111375
-0.388138	-0.276351
-0.283068	0.0932194
-0.287857	-0.096685
-0.161286	-0.314811
-0.282808	-0.0517752
-0.3116	-0.0534748
-0.250944	0.0391566
-0.168294	0.115128
-0.188876	0.11026
-0.240651	0.0688809
-0.227046	0.208011
-0.360545	0.239916
-0.127802	-0.125236
-0.329145	-0.391511
-0.287614	-0.304394
-0.221343	-0.452031
-0.443906	-0.25466
0.0419328	-0.372605
-0.0359361	-0.301369
-0.149586	-0.254542
0.00134699	-0.230816
-0.0991544	-0.15068
-0.0915149	-0.262639
0.0462549	-0.517453
0.120235	-0.310734
0.06479	-0.30106
-0.0224047	-0.508973
0.00724936	-0.587108
0.00329007	-0.389421
-0.241093	-0.404561
-0.402006	-0.349636
-0.570108	-0.358288
-0.769037	-0.106128
-0.669229	-0.197897
-0.649493	-0.144591
-0.701753	-0.29855
-0.846328	0.023706
-0.636071	-0.0558361
-0.768675	-0.0274228
-0.726076	-0.187842
-0.72944	-0.157711
-0.813272	-0.115364
-0.804451	-0.231227
-1.02649	-0.3415
-0.899663	-0.522447
-0.95356	-0.473541
-0.845187	-0.307088
-0.946862	-0.349963
-0.910155	-0.239455
-1.03573	-0.291902
-1.09056	-0.369045
-0.937081	-0.200947
-0.999503	-0.349795
-0.901824	-0.418801
-0.853795	-0.263964
-1.05253	-0.157095
-0.821012	-0.0115082
-1.07181	-0.324134
-0.961066	-0.270983
-0.450415	-0.138051
-0.698231	-0.0725395
-0.259346	0.0469796
-0.311549	0.234304
-0.390048	0.0656357
-0.469098	-0.16412
-0.492941	-0.0915445
0.495408	0.910696
0.469049	0.909084
0.294789	1.00223
0.472132	0.98948
0.217992	0.961082
0.319463	0.945593
0.358234	0.962715
0.279109	0.955357
0.185333	1.03288
0.37622	0.949531
-0.266275	0.577788
-0.286399	0.196503
-0.521061	-0.0876764
-0.6121	0.0809308
-0.584276	-0.0778592
-0.573787	-0.0112191
-0.854337	0.225954
-0.599478	0.354304
0.158148	0.737018
-0.315166	1.00416
-0.403978	0.748386
-0.404464	0.532181
-0.602112	0.494041
-0.635002	0.354736
-0.831676	0.44142
-0.889533	0.507061
-0.902747	0.638929
-0.739544	0.716504
-0.568863	0.813838
-0.280934	0.947792
0.0488576	1.02385
0.255491	0.911278
-0.162424	0.725554
-0.292187	0.47173
-0.242912	0.537531
-0.201385	0.681561
-0.173399	0.588119
-0.0719933	0.752441
-0.0359729	0.82959
-0.104571	0.850298
-0.335027	0.58419
-0.47785	0.333701
-0.612776	0.220076
-0.492256	0.0106331
-0.718699	0.097256
-0.541028	-0.0711582
-0.476752	-0.184326
-0.405429	-0.178105
-0.189659	-0.0891514
-0.289121	0.277713
-0.506467	0.69019
-0.262762	0.415838
0.0279147	0.241518
-0.296718	0.224623
-0.543605	-0.150545
-0.609826	-0.216178
-0.543066	-0.145139
-0.708887	-0.179822
-0.789381	-0.108036
-0.756473	-0.130145
-0.694065	-0.0218972
-0.53625	0.015107
-0.445071	-0.0470913
-0.407448	-0.166823
-0.589464	-0.381434
-0.711621	-0.280435
-0.750886	-0.141273
-0.553837	-0.0779218
-0.317138	0.049689
-0.227736	0.351849
-0.411146	0.613579
-0.319541	0.57561
-0.356562	0.586087
-0.632776	0.6465
-0.766019	0.612233
-0.704669	0.428949
-0.767011	0.504767
-0.931905	0.48017
-0.951325	0.383895
-0.908784	0.38971
-0.643179	0.183657
-0.754942	0.184641
-0.776597	0.385107
-0.739076	0.596619
-0.586581	0.749514
-0.426526	0.803963
-0.362888	0.639777
-0.314078	0.587231
-0.319961	0.530669
-0.0357253	0.360255
0.0944554	0.267642
0.211186	0.380434
0.282981	0.278106
0.224542	0.245231
0.333849	0.228948
0.281697	-0.0967507
0.107762	-0.258384
-0.1497	-0.500473
-0.223188	-0.283374
-0.0954974	-0.127243
0.104579	0.314642
-0.106469	-0.147846
-0.131667	-0.246598
-0.209911	-0.312449
-0.420942	-0.191853
-0.517115	-0.0162506
-0.764235	0.363383
-0.724669	0.420216
-0.770277	0.485513
-0.774027	0.465341
-0.852554	0.443535
-1.01044	0.511771
-1.05581	0.436405
-0.933201	0.214391
-1.00869	0.201135
-1.04024	0.0447182
-0.949599	-0.0810004
-0.512935	-0.00162969
-0.0501746	0.0860311
0.130158	0.284856
0.252038	0.0313799
0.226086	-0.323244
0.078849	-0.534522
-0.0766329	-0.311438
-0.48424	-0.483909
-0.528489	-0.413836
-0.602036	-0.179428
-0.551473	-0.113875
-0.466535	-0.425599
-0.563896	-0.317882
-0.261633	-0.188962
-0.093986	-0.481199
-0.354173	-0.645033
-0.529466	-0.22708
-0.561495	-0.0200808
-0.807254	0.265327
-0.894513	0.313069
-0.831555	0.320533
-0.716215	0.249879
-0.686647	0.256124
-0.522973	0.271394
-0.236113	0.299995
-0.027119	0.33069
-0.00518441	0.295079
-0.29177	0.350406
-0.320138	-0.0190375
-0.661947	0.0571701
-0.814427	-0.0714522
-1.00357	-0.163062
-0.486618	-0.13338
-0.446909	-0.0895964
-0.860542	0.393734
-0.501233	0.398214
-0.349705	0.617753
-0.455515	0.400822
-0.503049	0.371793
-0.603538	0.285357
-0.73142	0.237505
-0.81724	0.249818
-0.89823	0.307641
-0.868269	0.377774
-0.778872	0.380846
-0.777333	0.307972
-0.780148	0.335321
-0.700604	0.335328
-0.720866	0.304944
-0.519075	0.160834
-0.195609	0.227423
-0.1837	0.267601
-0.312003	0.225595
-0.225272	0.272241
-0.246768	0.115421
-0.403415	0.283306
-0.334739	0.467577
-0.272118	1.00392
0.299945	0.827084
0.287156	0.908804
0.127005	0.848388
0.214284	0.677023
0.198253	0.837523
0.183959	0.874826
0.121962	0.480035
0.0300935	0.520608
0.193724	0.189827
0.0971553	0.0813888
-0.135253	0.0219686
0.135239	-0.122513
0.304696	-0.179228
0.23814	-0.330737
-0.0481584	-0.125025
-0.0599819	-0.101253
-0.293483	-0.153343
-0.244417	-0.293883
-0.12564	-0.1438
-0.217963	-0.131645
0.0834911	-0.256329
0.0787593	-0.256419
-0.0275096	-0.260811
-0.131741	-0.00601575
-0.269169	-0.057701
-0.220785	-0.181273
-0.562526	-0.111951
-0.267982	-0.181544
-0.549378	-0.106738
-0.535612	-0.151101
-0.709371	-0.206706
-0.657804	-0.270396
-0.708298	-0.167533
-0.49902	-0.0420244
-0.570252	0.0565187
-0.756308	-0.192003
-0.794705	-0.282637
-0.611522	-0.0785912
-0.695678	-0.189436
-0.60859	-0.189261
-0.833515	-0.241197
-0.796902	-0.238343
-0.709931	-0.421252
-0.904872	-0.50237
-0.889727	-0.415037
-0.751181	-0.322754
-0.491726	-0.342394
-0.408606	-0.37321
-0.373185	-0.338249
-0.310843	-0.206886
-0.417351	-0.333384
-0.449301	-0.155314
-0.473442	-0.264521
-0.337785	-0.136843
-0.265653	0.107781
-0.352902	0.770852
-0.500391	0.797716
-0.57715	0.865624
-0.508138	0.906684
-0.424395	0.925195
-0.490691	0.956772
-0.0841391	0.758665
0.00289078	0.617506
0.0457734	0.587748
-0.080133	0.118866
-0.239798	0.0127703
-0.316345	-0.107606
-0.327765	-0.18953
-0.466477	-0.0656433
-0.53994	-0.214656
-0.612645	-0.325081
-1.01134	-0.360965
-0.570089	-0.157862
-0.56041	0.131198
-0.601054	0.00416239
-0.745707	-0.172599
-0.931603	-0.184492
-1.03195	-0.175165
-0.898753	-0.334466
-0.958913	-0.329246
-0.933824	-0.355714
-0.965097	-0.368831
-1.06506	-0.332048
-1.12085	-0.273027
-1.15389	-0.237498
-1.14088	-0.253705
-1.15272	-0.182761
-1.10319	-0.156675
-1.02185	-0.0500735
-0.898898	0.0713252
-0.737194	0.0726241
-0.650435	0.104907
-0.714641	0.447175
-0.503104	0.447445
-0.256976	0.360852
-0.22853	0.206407
-0.24559	0.315947
-0.0886486	0.315891
0.118383	0.154801
0.0828698	0.342085
-0.163281	0.405555
-0.298905	0.312644
-0.156027	-0.117856
0.0106301	-0.256723
0.0691934	-0.0557422
0.0447499	-0.280723
0.0806148	-0.322338
0.0202649	-0.33485
-0.422752	-0.129457
-0.490181	0.0976816
-0.553338	-0.183976
-0.380097	-0.0839096
-0.400578	0.354584
-0.478174	-0.117189
-0.650147	-0.243971
-0.573786	-0.299615
-0.623234	-0.248681
-0.736675	-0.1926
-0.993462	-0.15899
-0.875414	-0.273583
-0.745694	-0.291241
-0.788481	-0.297379
-0.536065	0.00527423
-0.689422	0.135756
0.00632038	0.125636
-0.171499	0.315593
-0.206396	0.454243
-0.10671	0.33758
-0.0853043	0.347141
-0.409304	0.495966
-0.735838	0.643318
-0.597249	0.636499
-0.66537	0.704044
-0.596956	0.637433
-0.552436	0.623172
-0.399013	0.403254
-0.444874	0.313574
-0.508183	0.414905
-0.537964	0.315694
-0.815125	0.526219
-0.645076	0.401021
-0.748565	0.269116
-0.875906	0.339992
-0.826731	0.361042
-0.760212	0.188987
-0.751061	0.15906
-0.772856	0.222029
-0.779786	0.259898
-0.738945	0.283971
-0.77076	0.312226
-0.75159	0.357286
-0.727286	0.366412
-0.76023	0.368196
-0.759502	0.366939
-0.725006	0.349527
-0.764794	0.350059
-0.761899	0.362714
-0.70891	0.262102
-0.286937	0.065406
-0.0368513	0.147059
-0.21397	0.549208
-0.0192435	0.195301
0.0105663	0.0074435
-0.139756	-0.0508158
-0.33777	-0.0755738
-0.408315	-0.014994
-0.273751	-0.227854
-0.360896	-0.389867
-0.399352	-0.212208
-0.500971	-0.376183
-0.482444	-0.443987
-0.494361	-0.366233
-0.215779	-0.256527
-0.0524534	-0.139014
-0.740933	-0.288448
-1.09468	-0.180426
-0.775903	-0.274709
-0.846927	-0.222651
-0.816226	-0.194565
-0.789401	-0.275026
-0.71739	-0.269145
-0.796023	-0.398517
-0.86043	-0.266679
-0.791498	0.415327
-0.851083	0.787626
-0.892552	0.292879
-0.501045	0.441427
-0.177636	0.526378
-0.580807	0.406372
-0.302912	0.133827
0.0929293	0.231728
0.355988	0.277945
0.257377	0.35586
0.0979237	0.200038
0.118012	0.296364
0.271241	0.203421
0.345206	0.258296
0.465923	0.369856
0.339433	0.306847
0.225256	0.336191
-0.115449	0.296022
-0.356817	0.473431
-0.500798	0.693351
-0.461261	0.778947
-0.373819	0.8202
-0.35096	0.669589
-0.230176	0.530556
-0.102496	0.521691
-0.0859473	0.33397
-0.00879811	0.210629
-0.120615	0.483697
-0.155417	0.219007
-0.209248	0.293747
-0.135579	0.19813
-0.182997	0.363227
-0.164529	0.457091
-0.406939	0.337011
-0.640972	0.206222
-0.582858	0.355397
-0.392826	0.646959
-0.273855	0.849902
-0.292123	0.973823
-0.252655	0.99884
-0.147137	1.03707
-0.154641	1.04763
-0.203158	1.03913
-0.180136	1.02658
-0.122228	1.04355
-0.105717	1.08761
-0.125958	1.05049
-0.206284	1.02627
-0.261435	0.93846
-0.332823	0.843604
-0.446168	0.785135
-0.534779	0.652417
-0.613145	0.488128
-0.578452	0.35148
-0.525134	0.190495
-0.602496	0.117447
-0.717497	0.0895921
-0.428807	0.0192556
-0.580449	0.0573206
-0.49176	-0.024644
-0.527987	-0.131387
-0.561385	0.0932721
-0.372405	0.137524
-0.417182	0.0424428
-0.305445	0.222
-0.448379	-0.114714
-0.696652	0.036893
-0.759982	-0.246266
-0.599048	-0.349704
-0.643343	-0.249561
-0.46606	-0.266585
-0.500483	-0.295629
-0.507389	-0.318503
-0.552184	-0.435063
-0.349023	-0.139593
-0.102918	-0.0780119
-0.209442	-0.297644
-0.231461	-0.492285
-0.245549	-0.583041
-0.459299	-0.69536
-0.549497	-0.554955
-0.71805	-0.230344
-0.612081	-0.226959
-0.759192	-0.17347
-0.644606	-0.4167
-0.656274	-0.28049
-0.727163	-0.175938
-0.68609	-0.160001
-0.755162	-0.122051
-0.884364	-0.185203
-1.1057	-0.15574
-1.06566	-0.0523732
-0.769417	-0.0825257
-0.982085	-0.0629054
-0.987494	-0.0887208
-0.947571	0.0585328
-0.970583	0.0089322
-1.14088	0.0855811
-0.686915	0.473726
-0.742515	0.377939
-0.755576	0.331152
-0.599642	0.340174
-0.615618	0.418718
-0.61055	0.526723
-0.567141	0.630354
-0.556917	0.739274
-0.429623	0.719317
-0.379047	0.666888
-0.459759	0.671018
-0.594022	0.6094
-0.672765	0.529689
-0.775647	0.426689
-0.822754	0.348834
-0.832242	0.269036
-0.631681	0.116974
-0.544981	0.118699
-0.734525	0.516937
-0.502943	0.428029
-0.512632	0.449814
-0.479035	0.524227
-0.332022	0.38252
-0.370995	0.513129
-0.23952	0.0288899
-0.52215	-0.153685
-0.790854	-0.211953
-0.903718	-0.157942
-0.833813	-0.203132
-0.636325	-0.10369
-0.686575	-0.147383
-0.884987	-0.0603193
-0.966519	-0.0783049
-1.00217	-0.104392
-0.940518	-0.160044
-0.865428	-0.234579
-0.859644	-0.265056
-0.818072	-0.227414
-0.873387	0.258509
-0.64551	0.551743
-0.296359	0.379299
-0.251836	0.47909
-0.0677674	0.522779
0.0104808	0.532946
-0.214759	0.552884
0.0196742	0.240709
-0.244352	-0.0172958
-0.0786005	-0.267419
-0.266252	-0.0751163
-0.544947	-0.0421958
-0.256754	-0.133392
-0.396923	-0.13282
-0.359272	-0.214505
-0.746083	-0.0820777
-0.69886	0.0900651
-0.595171	0.10781
-0.644934	-0.175502
-0.53628	-0.37836
-0.736372	-0.273311
-0.762124	-0.306228
-0.739879	-0.320379
-0.686788	-0.332314
-0.654594	-0.292683
-0.606241	-0.209613
-0.443718	-0.189287
-0.342597	-0.0149064
-0.110114	-0.139933
-0.30128	-0.12241
-0.444384	-0.0133387
-0.409076	-0.401921
-0.560433	-0.267984
-0.522072	-0.375
-0.384759	0.0387963
-0.239106	-0.0281533
-0.222613	-0.267974
-0.507739	-0.203685
-0.565402	-0.325488
-0.549797	-0.264301
-0.621795	-0.16606
-0.569232	-0.176355
-0.527786	0.0202659
-0.217176	0.0250931
-0.0455212	0.0573842
-0.0668756	0.00622515
-0.210033	0.0909204
0.0266397	-0.0175183
-0.0142043	-0.0920318
0.418786	-0.220134
0.418213	0.118602
0.334624	0.114472
0.311083	0.245852
0.157847	0.0985553
-0.245822	0.179015
-0.286212	0.103332
-0.244186	0.0707447
-0.198156	0.0699247
-0.523979	0.308749
-0.80555	0.36515
-0.778477	0.38953
-0.904749	0.55121
-0.916075	0.581541
-0.86214	0.532465
-0.599485	0.194844
-0.341548	-0.20233
-0.524862	-0.318224
-0.442395	-0.292354
-0.556197	-0.162938
-0.455796	-0.0588774
-0.695145	0.705629
-0.609323	0.716005
-0.544187	0.850033
-0.450079	0.705854
-0.142098	0.820561
-0.0199823	0.58115
-0.057949	0.201601
-0.306633	0.113234
-0.352466	-0.194172
-0.681875	-0.120171
-0.705981	-0.162427
-0.317715	-0.11269
0.0950613	0.0877654
-0.115025	-0.000244091
-0.0997163	-0.0660346
-0.0951999	-0.0275893
0.00480635	-0.00618299
0.131453	-0.00777558
0.243514	-0.0161739
-0.217696	0.27759
-0.360505	0.232112
-0.504501	0.0180139
-0.717613	-0.102865
-0.686504	-0.200444
-0.877612	-0.273935
-0.704056	-0.0663969
-0.0108199	-0.115333
-0.292469	0.0528236
-0.27075	-0.221877
-0.299443	-0.280428
-0.202036	-0.342776
-0.272243	-0.107874
-0.52185	0.163291
-0.541198	0.219504
-0.538919	0.262896
-0.494821	0.231211
-0.515549	0.169149
-0.513227	0.268881
-0.568789	0.292159
-0.482717	0.25635
-0.323802	0.242667
-0.248245	0.255554
-0.275433	0.284884
-0.249271	0.0287629
-0.106846	0.398954
-0.112954	0.687817
-0.328906	0.780678
-0.44441	0.822438
-0.422455	0.700621
-0.176403	1.04272
-0.196568	1.13385
-0.213446	1.14201
-0.323282	1.27158
-0.110015	1.10076
-0.169651	1.03154
-0.204188	1.11699
-0.298656	1.10297
-0.384465	1.18098
-0.415903	1.05964
-0.421324	0.911714
-0.593341	0.693719
-0.347165	0.713233
-0.448565	0.395546
-0.373664	0.144606
-0.505408	-0.104462
-0.510913	-0.0987246
-0.554721	-0.230211
-0.503061	-0.242339
-0.39483	-0.328564
-0.437513	-0.471722
-0.471456	-0.355146
-0.608815	-0.334246
-0.559027	-0.338866
-0.518521	-0.245336
-0.801316	-0.559528
-0.724581	-0.444609
-0.741844	-0.370552
-0.747088	-0.320449
-0.871925	-0.0896995
-0.776996	-0.328932
-0.830461	-0.353633
-0.837744	-0.385819
-0.770339	-0.280518
-0.763635	-0.12117
-1.00162	-0.288575
-0.926037	-0.305481
-0.774029	-0.352855
-0.811676	-0.0969774
-1.13174	0.0639291
-0.941632	-0.306878
-0.761481	-0.356736
-0.852638	-0.316732
-0.7351	-0.3448
-0.688124	-0.176266
-0.76779	-0.147339
-0.752375	-0.195611
-0.767781	-0.267858
-0.579819	-0.207601
-0.908398	-0.108607
-0.621838	-0.0792383
-0.300121	0.115446
0.0301558	0.308142
-0.269754	0.219195
-0.571861	0.288985
-0.756761	0.343192
-0.498265	0.423934
-0.609871	0.0994702
-0.816721	-0.0630196
-0.72071	-0.105872
-0.554617	-0.217938
-0.424507	-0.232365
-0.391542	-0.16299
-0.181311	-0.0599941
-0.0962407	0.137461
0.261292	0.231375
0.0241499	-0.0632115
0.180224	-0.354572
-0.0640004	-0.491634
-0.388609	-0.557129
-0.404534	-0.598991
-0.46557	-0.416388
-0.295939	-0.431601
-0.20461	-0.0501883
-0.323359	-0.113018
-0.327495	-0.240625
-0.388008	-0.193117
-0.611395	-0.0946184
-0.738389	-0.180709
-0.749424	-0.171066
-0.437079	-0.167999
-0.390707	0.043121
-0.209284	0.0319426
-0.131476	0.0333252
-0.0137547	-0.12865
0.120926	-0.144909
-0.152344	0.161091
-0.0811524	0.111272
-0.268423	0.105287
-0.850884	0.228258
-0.697235	0.100878
-0.273467	0.299816
-0.366611	0.0499774
-0.16193	-0.354644
-0.210958	-0.310536
-0.247222	-0.342577
-0.232443	-0.346482
-0.389522	-0.253683
-0.345653	-0.32448
-0.462402	-0.339994
-0.44159	-0.348106
-0.325969	-0.459071
-0.307205	-0.354569
-0.449049	-0.462164
-0.434812	-0.627788
-0.54462	-0.462213
-0.56605	-0.432922
-0.990327	-0.0935357
-0.789761	-0.00151416
-0.714904	0.054685
-0.582416	0.123267
-0.418302	0.294991
0.0689368	0.0696913
0.231787	0.106327
-0.170894	0.140878
-0.00594545	-0.11953
-0.183935	-0.277146
-0.49542	-0.438827
-0.617546	-0.422523
-0.535606	-0.222044
-0.425271	-0.110623
-0.104225	0.233037
0.0985402	0.026585
0.134397	0.229254
0.0682773	0.159466
-0.169996	0.0959111
-0.216726	-0.0454032
0.0323702	0.0122378
0.135906	0.236966
0.226905	0.127335
0.46743	-0.00447515
-0.0912019	-0.0142311
-0.568191	0.0942157
-0.53651	0.141727
-0.480667	0.0786776
-0.495537	-0.26554
-0.865054	-0.248681
-0.770358	-0.214325
-0.548288	-0.284461
-0.869702	-0.120102
-0.409768	0.168762
-0.67962	-0.0245375
-0.6143	-0.0853157
-0.681753	-0.0239262
-0.691526	-0.00280534
-0.708861	0.116415
-0.712604	0.337817
-0.516897	0.368353
-0.423661	0.495455
-0.282084	0.480306
-0.567099	0.339999
-0.426751	0.423352
-0.384885	0.257145
-0.682312	0.0709874
-0.674668	-0.0579173
-0.276058	-0.125946
-0.379965	-0.0654029
-0.264197	-0.085496
0.0208098	-0.0367206
-0.423953	0.181753
-0.133783	-0.00327154
-0.200402	0.090695
-0.170858	-0.0327773
-0.294046	-0.141482
-0.390817	-0.109884
-0.329045	-0.21881
-0.291024	-0.289867
-0.16752	-0.268183
-0.1392	-0.106392
-0.07776	0.151074
-0.151459	0.106844
-0.218463	0.107499
-0.515632	-0.138356
-0.522945	-0.184552
-0.367902	-0.0657127
-0.801995	-0.200411
-0.776298	-0.0760258
-0.457676	0.354708
-0.173396	0.152622
-0.84475	0.336806
-1.06869	0.331014
-0.296821	0.578133
-0.932981	0.469115
-0.826106	0.313086
-0.877684	0.26375
-0.747272	0.315236
-0.893363	0.335923
-0.885674	0.362584
-0.947567	0.343895
-1.03742	0.305788
-1.07648	0.420112
-1.1156	0.405669
-0.962676	0.336767
-0.912868	0.283922
-0.778613	0.308608
-0.756555	0.423478
-0.610053	0.412588
-0.577521	0.36924
-0.599137	0.259127
-0.50467	0.154445
-0.646869	0.413379
-0.561224	0.844155
-0.36631	1.18441
-0.23777	1.23885
-0.0712435	1.07947
0.138305	1.06842
-0.00251108	0.955123
-0.0215357	1.03743
-0.0494037	0.951057
-0.0668481	0.803726
-0.0248644	0.602
-0.147941	0.348464
-0.0188287	0.105978
-0.126826	-0.0603634
-0.0603667	-0.258042
-0.157635	-0.213953
-0.0903185	-0.511583
0.0357082	-0.476145
0.129857	-0.188315
-0.290691	-0.176366
-0.154735	-0.388657
-0.229996	-0.399182
-0.248541	-0.339036
-0.191384	-0.39611
-0.273502	-0.00329971
-0.272464	0.09273
-0.300169	-0.222962
-0.182726	-0.367369
-0.357043	-0.328507
-0.488963	-0.456396
-0.351311	-0.272095
-0.428548	-0.564876
-0.699438	-0.424412
-0.599698	-0.205255
-0.72038	-0.370333
-0.693905	-0.279124
-0.820461	-0.321025
-0.857423	-0.259064
-0.976709	-0.238432
-0.44985	-0.0848835
-0.72921	0.0251
-0.803298	0.0280004
-0.695105	0.0829373
-0.548276	0.247097
-0.593591	0.344547
-0.5134	0.325643
-0.353783	0.372934
-0.202971	0.470131
0.112399	0.231248
-0.203015	0.356862
-1.17478	0.025447
-0.793278	0.236946
-0.503715	-0.204473
-0.0893966	-0.0343233
0.0672503	-0.0967285
-0.218605	-0.375929
-0.471149	-0.348673
-0.601517	-0.203464
-0.441692	-0.296463
-0.63208	-0.234961
-0.584296	-0.112446
-0.419985	-0.153453
-0.458457	-0.0513892
-0.505077	0.302658
-0.720046	0.653157
-0.720307	0.51147
-0.679622	0.463835
-0.770687	0.46543
-0.643747	0.262075
-0.521206	0.0910419
-0.211319	-0.246832
-0.240524	-0.313776
-0.146533	-0.270112
-0.0613419	-0.253744
0.0198539	-0.181678
0.0797884	-0.0672899
0.207787	-0.0633523
0.264932	-0.0160032
0.284504	0.118073
0.35441	0.133655
0.290187	0.2129
0.301916	0.171365
0.305699	0.0771568
0.227399	0.0237407
0.275403	0.0226276
0.169114	-0.00715148
0.173953	-0.0475929
0.0448654	-0.0116307
0.00798903	-0.123377
0.0180919	-0.234282
0.00422161	-0.354648
-0.0711352	-0.41675
-0.176733	-0.417133
-0.205278	-0.456917
-0.269477	-0.409254
-0.194555	-0.493153
-0.482253	-0.192843
-0.578858	0.315251
-0.82499	0.56352
-0.748363	0.530136
-0.799082	0.648307
-0.650645	0.69367
-0.585828	0.713553
-0.370514	0.602848
-0.283861	0.586587
-0.103529	0.611352
0.000846971	0.415155
-0.466114	0.311491
-0.811507	0.118254
-0.380476	0.149415
-0.529109	0.0880162
-0.256713	-0.0671669
0.0650769	0.331214
-0.237993	0.805422
0.137159	0.966541
-0.13015	0.2062
-0.568463	0.142378
-0.676028	0.0358575
-0.587005	-0.100989
-0.650446	-0.243237
-0.721271	-0.257762
-0.615011	-0.204555
-0.497648	-0.234169
-0.830642	0.475631
-0.705152	0.27548
-0.945813	0.421759
-0.906109	0.340839
-0.902796	0.182133
-0.481541	-0.412033
-0.767369	-0.542246
-0.876805	-0.390726
-0.769494	-0.205443
-0.553276	-0.201505
-0.318911	-0.181412
-0.122893	0.131909
-0.151335	0.328011
-0.225967	0.17511
-0.310124	0.0482167
-0.445902	0.0250793
-1.10285	0.0375805
-1.16745	-0.0267878
-0.687408	0.282146
-0.524692	0.449693
-0.607289	0.189614
-0.5251	-0.0716856
-0.916549	0.140996
-0.96822	0.193601
-0.424979	0.178452
-0.0984433	0.283766
-0.176971	0.204007
-0.27491	0.299015
-0.00233795	0.232383
0.226696	0.171222
0.0946792	0.34579
0.0433441	0.326096
-0.0448073	0.2856
0.0649727	0.188456
-0.226936	0.0821968
-0.109522	0.151986
-0.0686193	0.0922095
0.184372	0.701242
0.10876	0.905162
-0.333123	0.82537
-0.647588	0.691401
-0.968469	0.476782
-0.920057	0.282041
-0.83293	0.166995
-0.087531	0.138008
-0.0968422	0.231953
-0.0604367	0.222604
-0.0415637	0.0971174
-0.0190647	0.0624206
0.286397	-0.0685843
0.243382	0.15276
0.319159	-0.0847341
0.143621	0.12898
0.0581492	0.265379
0.05641	0.0542552
-0.157642	0.0444189
-0.373909	-0.0403609
-0.495223	-0.107744
-0.768195	-0.205018
-0.793898	-0.128633
-0.695877	-0.187577
-0.820786	-0.21478
-0.830028	-0.196439
-0.729076	-0.288548
-0.745563	-0.394706
-0.571518	-0.673307
-0.523698	-0.581818
-0.367616	-0.498525
-0.416378	-0.433806
-0.629563	-0.267444
-0.729937	-0.137363
-0.752384	-0.149572
-0.701406	-0.305823
-0.853013	-0.196485
-0.800659	-0.293669
-0.760459	-0.298078
-0.761739	-0.20766
-0.704674	-0.280564
-0.80469	-0.0786971
-0.886093	-0.200144
-0.752589	-0.216416
-1.01574	-0.215287
-0.897079	-0.212531
-0.728347	-0.349362
-0.832782	-0.144
-0.895943	-0.328234
-0.802098	-0.205408
-0.703285	-0.270109
-0.558589	-0.0594879
-0.426278	0.0115514
-0.479262	0.0298117
-0.714296	-0.202069
-0.951924	-0.192406
-0.955316	-0.279069
-0.909796	-0.360597
-0.906158	-0.294613
-0.700067	-0.36922
-0.55013	-0.344155
-0.402051	-0.238096
-0.18342	-0.0992529
-0.00447864	0.00159692
0.157097	0.0422737
0.153289	0.0977292
0.302602	0.139171
0.257651	0.132668
0.321361	0.103459
0.256701	0.075379
0.292416	0.108527
0.277956	0.0486686
0.25394	0.0143789
0.0968782	-0.0161232
-0.0924557	0.00313154
-0.271241	0.0175061
-0.461533	0.182949
-0.523638	0.398912
-0.503324	0.629453
-0.463728	0.743857
-0.418293	0.78605
-0.416916	0.841657
-0.459925	0.763117
-0.545808	0.690216
-0.688792	0.595868
-0.856261	0.501629
-1.05749	0.464978
-1.11118	0.317818
-0.924281	0.333919
-0.75398	0.349642
-0.358931	0.156747
-0.548611	0.210451
-0.376341	0.453861
-0.461317	0.587728
-0.316404	0.72711
-0.400333	0.621178
-0.560284	0.57273
-0.629409	0.609614
-0.542506	-0.101321
-0.469469	-0.44718
-0.452882	-0.500386
-0.443596	-0.487823
-0.462221	-0.507031
-0.379715	-0.552034
-0.411883	-0.500361
-0.367976	-0.459066
-0.422232	-0.332459
-0.38346	-0.296987
-0.254002	-0.308941
-0.0638841	-0.293533
0.114173	-0.115453
0.160666	0.207727
0.128416	0.2601
0.473838	-0.144846
0.362888	-0.323287
0.280344	-0.284078
0.0657411	-0.061724
-0.173896	-0.119275
-0.474874	0.00640657
-0.547171	-0.110212
-0.48988	0.235567
-0.668177	0.130732
-0.517895	0.00251637
-0.160404	0.29904
-0.353438	0.352086
-0.401308	0.449481
-0.58745	0.632143
-0.603237	0.636117
-0.551503	0.669977
-0.53399	0.631929
-0.458906	0.47517
-0.317084	0.393981
-0.0584952	0.470616
-0.0166297	0.170135
-0.35233	0.158094
-0.579102	0.0291083
-0.556004	-0.0790175
-0.32095	0.137005
-0.397964	-0.106517
0.126384	-0.307069
0.0931274	-0.344359
0.0601408	-0.268242
0.0895664	-0.0999592
0.13977	0.184787
0.382097	-0.0658857
0.164572	-0.078458
0.085292	-0.15013
-0.0595551	-0.287046
-0.303461	-0.359966
-0.476315	-0.284251
-0.777639	-0.0453864
-0.875119	-0.0153287
-0.666784	0.183739
-0.542301	0.166265
-0.672144	-0.0232199
-0.399413	-0.230792
-0.565912	-0.0739933
-0.464216	0.0395236
-0.448057	0.188457
-0.369385	0.202719
-0.30297	0.0505749
-0.312393	-0.038816
-0.47155	-0.0173072
-0.671109	-0.198211
-0.756799	-0.191525
-0.62851	-0.119106
-0.824601	0.168189
-0.974326	0.0798317
-0.647033	0.29206
-0.796549	0.287521
-0.920468	0.290264
-0.771805	0.180715
-0.830653	0.259954
-0.68664	0.268929
-0.664076	0.357316
-0.521414	0.29269
-0.560584	0.533396
-0.647384	0.677693
-0.545203	0.512206
-0.396966	0.46934
-0.265178	0.378733
-0.00238374	0.479678
0.221512	0.501459
0.518808	0.176351
0.218314	0.17837
0.311657	-0.14038
-0.139476	0.0798439
-0.0990029	-0.31524
-0.474994	-0.303945
-0.4906	-0.129
-0.516769	0.0392694
0.062917	0.3644
-0.137633	0.221774
-0.16358	0.0754345
-0.242367	-0.0535017
-0.0908957	-0.298207
-0.0544981	-0.345446
-0.0563986	-0.289897
-0.0119404	-0.250436
0.094636	-0.126175
0.0414174	0.118281
0.274157	0.258442
0.158693	0.18892
0.00177327	-0.273332
-0.137662	-0.416979
-0.026996	-0.573826
0.0530681	-0.557205
-0.358626	-0.36726
-0.264112	-0.0728623
-0.462926	0.0304406
-0.911817	0.0772354
-0.756807	0.107082
-1.15892	-0.102483
-0.71115	-0.175382
0.13443	0.1858
-0.0433216	0.338246
-0.0505566	0.4754
-0.0231205	0.287273
0.030151	0.0873407
0.0130666	-0.209129
-0.151069	-0.155574
-0.436238	-0.187597
-0.451679	-0.159436
-0.55659	-0.289906
-0.67913	-0.227325
-0.70178	-0.308942
-0.644811	-0.293376
-0.668841	-0.304722
-0.563688	-0.415705
-0.565859	-0.490071
-0.697695	-0.402881
-0.600787	-0.547722
-0.519939	-0.599337
-0.428603	-0.634816
-0.599495	-0.508869
-0.40294	-0.202345
-0.367929	0.0502316
-0.14053	0.262958
-0.271555	0.592192
-0.288131	0.663807
-0.283123	0.763001
-0.115375	0.520542
0.105239	0.284856
-0.312453	0.281092
-0.367444	0.455819
-0.319511	0.662053
-0.349728	0.405689
-0.538815	0.384723
-0.668833	0.220872
-0.971078	-0.285261
-0.812468	-0.274737
-0.996034	-0.450301
-1.0363	-0.357374
-0.305357	0.269949
-0.0397115	0.440395
-0.221109	0.502923
-0.0515447	0.450765
-0.19359	0.393808
-0.176691	0.154424
-0.256412	0.150512
-0.634999	0.499124
-0.725785	0.456533
-0.688081	0.336537
-0.48162	0.19124
-0.537179	0.186629
-0.539703	-0.14475
-0.549102	-0.412468
-0.714291	-0.248763
-0.71729	-0.287011
-0.518672	-0.285774
-0.451989	0.0342043
-0.709127	0.119565
-0.662518	0.126965
-0.397681	0.131636
-0.166024	0.0651136
-0.111593	0.0513432
-0.337007	0.0427997
-0.615907	-0.110426
-0.626377	-0.193231
-0.898996	-0.192686
-0.751039	-0.213407
-0.217602	-0.0785103
0.118659	-0.293858
-0.150387	-0.22047
-0.214578	-0.314946
-0.207744	-0.243213
-0.061846	-0.178722
-0.0126496	0.0824537
0.0450817	0.256469
0.491519	0.0661138
0.399021	-0.086786
0.275707	-0.295657
0.0217482	-0.456128
-0.00555614	-0.365733
0.133745	-0.223889
0.153681	0.19907
0.167979	0.132892
0.206779	0.131364
0.182754	0.243586
0.130619	0.0887671
0.188911	0.122327
-0.0100462	0.293244
-0.0416678	0.227887
-0.290479	-0.0309482
-0.103895	-0.0206471
-0.215867	-0.105916
-0.180249	-0.195593
-0.365446	-0.135458
-0.524042	0.0374591
-0.605332	0.165575
-0.409856	0.114844
-0.455975	0.184239
-0.678732	0.272637
-0.614134	0.351765
-0.111114	0.20077
-0.13116	0.123684
-0.121336	0.175293
-0.324139	0.234885
-0.496115	0.0900832
-0.537744	-0.104628
-0.47181	-0.0650459
-0.338702	0.10762
-0.0122775	0.150726
0.123004	0.242023
0.167516	0.11013
0.274923	0.167552
-0.084086	0.181336
-0.230166	0.169905
0.116686	0.0911219
-0.000483966	0.165902
-0.234935	0.308481
-0.217014	0.167211
-0.744565	0.0154695
-0.843059	-0.177405
-0.788718	-0.0250247
-0.469985	-0.0900691
-0.351071	0.14436
-0.829131	0.10837
-1.05648	0.215771
-0.991589	0.233605
-1.07735	0.320838
-0.973507	0.3134
-0.945973	0.320272
-0.831822	0.301823
-0.797627	0.403846
-0.701514	0.708325
-0.486695	0.712769
-0.402447	0.634872
-0.177783	0.47612
-0.00579831	0.446241
-0.236633	0.323234
-0.549127	0.0820716
-0.488059	0.14512
-0.377318	-0.0509883
-0.479436	-0.399805
-0.43862	-0.279353
-0.130803	0.0607069
-0.00302276	0.120477
-0.15661	0.245792
-0.272914	0.201404
-0.218013	-0.0405151
-0.392182	-0.235867
-0.460115	-0.258815
-0.650067	-0.0901588
-0.560837	-0.0510419
-0.501879	-0.0901763
-0.625609	-0.0289214
-0.601144	-0.109694
-0.664601	-0.0683088
-0.632211	-0.0395625
-0.678028	0.123815
-0.591532	0.389553
-0.387183	0.665778
-0.148211	0.835367
-0.0423065	0.702775
-0.679862	0.668443
-0.64688	0.641496
-0.480131	0.615998
-0.433604	0.606039
-0.333561	0.651096
0.00146364	0.486141
-0.0989283	0.379427
-0.399943	0.0970855
-0.498477	0.207885
-0.698239	-0.155454
-0.946992	-0.0989057
-0.584917	0.079601
-0.701161	-0.10738
-0.44189	-0.32247
-0.435609	-0.375043
-0.567418	-0.349584
-0.755492	-0.151921
-0.889711	0.169142
-0.557444	0.331194
-0.859456	0.40487
-1.00614	0.31829
-0.777516	0.163333
-0.467121	0.067416
-0.235159	0.0766833
-0.235294	0.100998
-0.245195	0.168706
-0.279647	0.0865086
-0.239805	0.0965288
-0.28605	0.0253412
-0.379907	-0.085176
-0.468937	-0.148112
-0.509069	-0.251957
-0.516538	-0.320389
-0.679149	-0.237423
-0.715627	-0.203796
-0.819456	-0.140928
-0.840647	0.252981
-0.787957	0.631214
-0.849103	0.713811
-0.745233	0.660989
-0.575666	0.527881
-0.135906	0.522668
0.094784	0.73945
0.236685	0.927892
0.238812	0.965013
0.245372	1.07112
0.160818	1.05585
0.00631481	1.06848
-0.245136	0.976254
-0.541028	0.830385
-0.696682	0.536439
-0.837262	0.25737
-0.83741	-0.0320148
-0.756755	-0.226265
-0.751085	-0.356285
-0.782372	-0.295341
-0.8008	0.000926283
-0.821411	0.177273
-0.547843	0.255008
-0.773476	0.268667
-0.66125	0.117339
-0.551403	-0.149141
-0.45575	-0.285846
-0.3929	-0.307424
-0.194443	-0.30109
-0.000504565	-0.274371
0.101692	-0.117716
0.0537319	0.0867817
-0.114743	0.219985
-0.238104	0.309169
-0.333582	0.289071
-0.508561	0.270429
-0.635208	0.541204
-0.651436	0.626608
-0.63877	0.743478
-0.623686	0.660117
-0.587046	0.707473
-0.429794	0.645216
0.0172373	0.56252
0.260204	0.729503
0.203243	0.999288
-0.0283218	1.08946
-0.233527	1.00358
-0.395635	0.911324
-0.512874	0.700264
-0.58062	0.514897
-0.597755	0.331713
-0.551511	0.189092
-0.300767	0.0668355
0.189483	-0.0145739
0.123445	0.318713
0.0140983	0.2111
-0.155344	-0.0349035
-0.0290939	-0.0429362
-0.0836023	-0.242603
-0.393219	-0.23881
-0.431252	-0.391191
-0.55077	-0.276637
-0.498449	-0.171255
-0.618273	-0.140944
-0.636931	-0.0890059
-0.617795	-0.0981223
-0.585418	0.000925872
-0.190776	0.256579
-0.135671	0.577557
0.313218	0.525778
0.235662	0.437797
0.0773087	0.324135
-0.293437	0.202878
-0.286085	0.437003
-0.453692	0.440753
-0.595688	0.52523
-0.836184	0.731696
-0.90213	1.07367
-0.679989	1.08745
-0.632703	1.05286
-0.666493	1.08552
-0.612369	0.964083
-0.6967	0.854838
-0.842568	0.79119
-0.802511	0.471351
-0.77899	0.419521
-0.556943	0.229487
-0.3437	0.215957
-0.252297	-0.0376137
-0.214785	0.127889
-0.298287	0.426855
-0.387748	0.300457
-0.634895	0.058895
-0.548529	-0.0291077
-0.969375	-0.134443
-0.651048	0.124986
-0.525566	0.243622
-0.606446	0.255206
-0.348293	0.812436
-0.208812	0.736873
-0.0118259	0.913227
-0.336023	0.939174
-0.404964	0.907174
-0.594041	0.563855
-0.982514	0.0489266
-0.701343	0.250043
-1.0683	0.130624
-0.828877	-0.0353261
-0.643435	-0.234559
-0.756777	-0.145628
-0.85308	0.171302
-0.778688	-0.131156
-0.590226	-0.509229
-0.742268	-0.418055
-0.805862	-0.156506
-0.398829	-0.0489024
-0.397681	-0.0358275
-0.354228	-0.180653
-0.279184	-0.122428
-0.485891	-0.293116
-0.479556	-0.344025
-0.801716	-0.496227
-0.806986	-0.451969
-0.770991	-0.518462
-0.57306	-0.297299
-0.536637	-0.255449
-0.724201	-0.185958
-0.915271	-0.318144
-0.600426	-0.258109
-0.749693	-0.206722
-0.839902	-0.249908
-0.846233	-0.310185
-0.694508	-0.162342
