-13.3603	0.643511
-21.9074	-0.279724
-20.1142	2.4003
-21.8506	-1.53209
-17.8178	2.6011
-19.4109	-5.01465
-21.654	-1.98725
-16.266	-5.81401
-15.6933	1.81962
-18.6867	3.12949
-19.0877	-0.648147
-16.7746	3.76092
-18.1743	2.78102
-19.5704	1.27097
-13.6342	4.41799
-15.6991	-12.2856
-15.8425	-15.03
-14.4451	-18.7871
-18.6697	-14.0788
-17.6706	-15.9376
-15.8465	-14.706
-15.1789	-12.8449
-13.879	-12.3546
-15.4849	-6.23519
-14.0455	-1.75546
-13.8598	-1.9476
-14.8496	-1.94105
-14.3296	-0.123032
-13.4656	1.44856
-15.2885	2.18987
-16.2644	5.61622
-14.693	5.20988
-15.511	6.66968
-13.982	6.58514
-13.8038	8.17156
-14.237	7.09594
-17.4364	1.54204
-22.1439	-0.656681
-20.7286	-0.461321
-18.9172	-1.34373
-18.2339	-1.58109
-19.9949	-0.684743
-18.5795	-1.14842
-16.0766	-4.4492
-15.8599	-4.1322
-14.9294	-5.9667
-12.4134	-5.0813
-5.79304	-0.295799
-5.87383	-1.90479
-7.09118	-1.59842
-5.58599	-3.23466
0.104187	-6.24689
-0.222864	-9.17836
0.506779	-8.94957
-1.13058	-8.71895
-1.85024	-8.30974
-1.91695	-5.63317
-4.87984	0.989724
-5.60269	1.39888
-4.39629	-2.87851
-6.01439	-4.37472
-6.72376	-3.00979
-7.54543	-2.36493
-7.81367	-2.04892
-9.28922	-1.03061
-10.9779	1.95239
-11.1148	1.28374
-13.8863	2.03878
-19.7825	-1.25816
-21.1229	-2.70534
-20.2317	-3.95657
-18.7771	-4.62733
-18.1843	-3.6662
-15.1069	-3.87324
-11.3383	-3.65898
-5.88527	-6.32064
-0.0773703	-6.60321
3.88828	-9.24811
5.72394	-9.11199
2.88825	-5.50968
3.11227	-4.4715
0.945232	-6.14135
-1.90267	-6.90054
-5.13305	-6.96639
-6.40672	-9.17664
-8.46221	-8.80535
-11.4406	-6.5651
-13.002	-4.64513
-12.9906	-3.11858
-13.1907	-1.58205
-9.56804	-6.29589
-10.6047	-6.98955
-10.1311	-6.19892
-8.00697	-10.1504
-3.31711	-10.5609
-3.27039	-5.93165
-2.25393	0.792957
0.188454	0.630531
-7.63792	-6.49979
-8.95869	-14.859
-3.08	-5.7894
-3.59484	3.95518
-12.9418	-2.71132
-14.3671	-0.904131
-9.36747	2.35457
-13.246	0.75657
-15.1285	0.650143
-14.4745	0.315688
-5.4451	-4.53159
-11.8729	-5.86715
-17.0081	-1.88229
-17.6314	1.05285
-14.829	-0.498414
-12.4552	-3.19415
-8.67724	-2.2951
-2.54404	1.10608
-3.07101	7.15471
-10.9723	0.452448
-9.36908	-3.53362
-8.73632	-13.1539
-7.71615	-13.3538
-4.18046	-12.6951
-5.63929	-10.2297
-1.65443	-18.0137
-5.84001	-13.0346
-8.31732	-12.9345
-3.55703	-2.519
-6.71769	-3.94398
-4.22455	2.37833
-12.6357	3.08109
-15.5881	4.13478
-16.8675	3.12755
-17.7852	4.89809
-15.2026	2.33715
-11.7073	9.01028
-10.817	7.1647
-5.41493	3.29586
-12.8594	-0.830717
-12.0969	2.11592
-14.6189	-0.0955266
-7.40501	5.05758
-6.09759	5.11613
-7.45083	-1.45747
-12.6896	-6.88905
-15.927	-4.27333
-15.7877	-7.84956
-16.7631	-7.09872
-17.1126	-6.2284
-18.3216	-4.09243
-18.27	-4.90023
-16.6194	-9.10326
-18.4947	-10.6716
-22.8411	-11.374
-25.5194	-11.7561
-28.2912	-9.12075
-29.2107	-12.2158
-30.3121	-13.86
-30.1563	-14.9048
-29.857	-15.9979
-28.3137	-18.8298
-17.0631	-11.9829
-12.8855	-1.56648
-11.7411	-1.11065
-11.4238	-4.40321
-13.7283	1.26303
-14.0501	4.56592
-10.6121	3.21368
-10.57	3.92203
-8.23711	1.34226
-10.3672	3.25715
-12.2405	2.20817
-12.9543	3.34872
-7.01536	10.6111
-9.20671	6.98963
-5.68281	0.0968885
-11.0039	-9.9251
-18.2857	-10.5541
-21.4279	-8.59498
-23.8164	-8.03948
-19.6127	-4.31141
-23.2437	-12.1664
-36.1999	-7.4915
-33.9314	-11.4622
-27.2424	-7.45325
-21.1211	-1.47735
-23.1838	-5.59095
-22.9335	-5.0407
-22.7345	-5.22082
-20.2613	1.4034
-18.2314	0.215198
-17.5905	3.18555
-16.1729	3.26653
-18.4067	2.28155
-16.2063	4.16643
-19.3905	2.7124
-19.848	3.08829
-20.5991	-1.79194
-20.0534	1.69701
-19.9565	5.57948
-17.2425	3.11732
-19.4363	0.0468737
-19.1881	-1.28201
-16.4832	4.62142
-19.2401	-0.503912
-19.9379	2.87016
-12.8826	-1.62453
-9.35088	-2.13935
-13.1806	0.971563
-21.5047	3.43167
-20.8988	4.73749
-17.2848	3.42042
-13.6057	2.59798
-12.1971	4.90283
-15.2863	2.27084
-16.9865	5.43504
-14.8884	5.34209
-18.8034	-1.36248
-18.7762	-8.62048
-7.23804	-4.35774
-16.644	-2.76544
-16.5725	-8.53858
-12.0393	-4.88603
-12.4958	-8.65791
-17.9589	-8.65067
-21.3857	-8.15584
-20.5521	-9.07445
-21.6854	-9.46515
-21.1256	-9.11489
-21.8196	-6.89555
-19.9409	-7.31602
-18.4886	-6.20328
-16.8344	-4.74741
-14.0752	-3.7419
-10.1461	-2.81961
-7.41222	-1.54375
-5.94224	1.41001
-4.72855	3.395
-3.63208	2.55681
-3.15745	2.3234
-2.06503	1.24616
0.264688	-2.10388
-1.49735	-3.40528
-3.28126	-4.57643
-6.46582	-5.15854
-10.5107	-5.34899
-14.8412	-6.27734
-17.9026	-9.34224
-18.6884	-13.6353
-17.8697	-18.5725
-17.1284	-19.8469
-15.6533	-21.1726
-17.4469	-16.6734
-23.5635	-9.33198
-26.5465	-6.44977
-17.7269	-2.6712
-20.6812	-0.689785
-25.1365	-8.06643
-27.1898	-4.71619
-22.848	-7.89573
-25.8127	-5.06939
-27.5302	-3.39839
-25.374	-3.4147
-23.6065	-4.30478
-24.1614	-7.03063
-23.2006	-8.14289
-24.058	-8.34872
-23.8919	-9.84547
-24.2059	-9.3925
-26.0269	-9.96263
-26.4282	-8.83266
-28.1673	-9.35325
-29.2954	-8.05425
-29.5597	-7.45932
-27.1253	-8.39028
-23.6089	-8.50672
-22.0094	-7.59547
-20.2973	-6.63555
-19.9109	1.06821
-14.947	8.00866
-14.8519	6.12294
-14.679	8.36318
-15.317	8.00948
-15.9405	8.2482
-15.7887	7.93886
-22.1395	-2.40164
-20.629	-2.8981
-19.5672	-1.44953
-19.7069	-0.490359
-20.1635	3.38741
-15.4401	5.82989
-13.8737	5.81087
-14.2013	4.17589
-12.6252	4.31083
-11.1148	-1.6118
-11.5814	-1.90151
-12.6154	3.52158
-12.2488	5.45904
-8.35821	-1.16733
-9.90845	0.893434
-13.5838	4.52628
-13.7407	4.7437
-18.3299	-3.54326
-21.337	-2.83232
-8.82594	0.083052
-24.8891	-0.473493
-24.8094	-3.11035
-25.9088	-4.2402
-31.8577	-1.8642
-21.7566	-5.96129
-13.7697	2.23269
-11.1474	2.6274
-11.2065	0.135388
-9.55716	4.45156
-20.2394	-1.10523
-15.6037	-3.78027
-13.4856	2.88243
-20.1444	-8.13484
-18.4522	-11.0973
-17.6227	-11.683
-16.8925	-11.2296
-16.9222	-8.771
-14.3118	-5.13504
-8.39498	5.61441
-5.33804	3.68432
-9.92951	1.65682
-19.1996	-6.08388
-18.745	-5.09884
-16.5834	-0.589842
-16.3027	3.08342
-20.9667	-3.97927
-20.0899	-9.87657
-20.6145	-3.54896
-12.117	-10.9844
-5.31648	-5.51578
2.0022	-8.18188
2.55337	-6.43763
-1.33342	-9.44061
-4.27135	-11.9845
-4.61822	-14.5227
-2.11167	-15.3804
-6.84316	-15.4332
-6.45127	-10.6002
-7.27161	-9.5857
-3.08536	-7.90716
-8.32802	-4.05969
-5.69522	-10.3521
-9.88249	-3.06429
-12.8105	-6.91138
-10.5346	-4.35307
-5.40129	-9.32499
3.25493	-6.21672
1.60517	-7.14884
-6.62769	-6.60572
-11.3124	-6.41826
-14.4967	-6.44149
-15.6322	1.6778
-14.6953	-3.68078
-13.2323	-6.11713
-13.4475	-6.54998
-11.0207	1.41727
-13.0147	-0.601876
-13.2039	-0.404656
-23.3207	-5.05268
-28.4281	-2.47699
-26.7215	1.32333
-24.0881	3.39744
-15.7921	6.68294
-14.1358	6.4588
-14.4413	3.39498
-12.6519	-0.12
-7.4436	-6.46299
-2.61411	-12.7618
-0.669697	-13.3223
-0.263539	-9.0696
-8.172	-1.0861
-9.96267	0.114599
-11.5776	3.04402
-8.8931	2.70997
-6.90506	1.77591
-6.90789	3.96731
-6.66434	2.53378
-4.17464	1.60269
-5.82764	5.16976
-7.86803	2.44142
-9.91953	4.03146
-25.3469	-7.01033
-23.9621	-4.44338
-24.3409	3.95687
-19.6919	0.785275
-15.3248	-9.92216
-18.9566	-11.3289
-20.269	-10.0276
-23.2225	-4.37916
-23.4748	0.291637
-18.7933	2.48961
-13.0062	-4.61145
-13.4265	-5.47028
-10.3278	-7.65618
-5.16986	-3.50711
-12.1004	0.533011
-14.8265	1.47594
-15.4817	1.44921
-17.943	-1.62655
-22.6652	-8.43198
-23.2559	-3.90936
-14.7078	2.95543
-23.6963	-1.55373
-27.5091	-4.66962
-29.5891	-2.93608
-28.4797	-4.35406
-29.4441	-3.22313
-27.9209	-4.19322
-28.5267	-3.82407
-28.5161	-4.75671
-27.6146	-4.13218
-25.2684	-2.73073
-15.4642	3.42278
-13.4845	3.86247
-12.889	1.97505
-13.351	1.25747
-12.1256	-0.3351
-14.0456	-1.9914
-14.4144	-2.71484
-10.1873	-0.0997186
-4.75115	-1.76891
-10.0806	0.654375
-10.6842	5.09342
-9.25967	8.47483
-7.26091	4.4123
-9.10062	5.31244
-14.5301	3.01799
-19.4883	2.60167
-18.2978	4.38074
-18.2735	-0.461709
-17.4309	3.97049
-18.8491	2.57035
-18.6248	-0.459381
-18.8929	0.311764
-16.7187	-0.738926
-18.6952	0.312543
-16.6708	-1.62924
-7.97313	-4.7894
-13.8372	-5.51922
-11.6963	-4.37327
-8.576	-5.49582
-7.28902	-4.00243
-4.45903	-6.34693
1.17408	-5.2445
-0.672508	-2.3306
-4.20436	-2.71261
-4.23417	-1.85606
-11.6833	-8.78869
-12.6572	-7.58135
-10.0808	-2.04412
-11.5637	-8.08502
-9.15643	-6.19961
-9.23478	-3.18097
-9.94161	-4.24132
-15.284	-0.0908058
-13.301	-0.715601
-17.3548	-2.32755
-15.4718	-10.8428
-26.4185	-15.2765
-28.1061	-15.5742
-28.7743	-14.7203
-29.6625	-17.5051
-25.8592	-17.5306
-20.5424	-14.5173
-6.07205	-12.516
-4.66786	-7.51197
-9.05092	-6.34472
-6.93279	-3.70924
-8.28643	-15.3323
-9.99532	-7.64223
-5.93508	-1.18085
-5.05561	-10.7997
-11.7931	-5.89498
-14.6553	-1.38029
-11.6479	-1.72458
-12.665	2.31423
-15.4142	7.70371
-18.1665	4.74574
-18.756	6.65087
-17.5294	3.1159
-15.3455	-0.992022
-16.1227	-0.425826
-16.1894	-1.42923
-23.9957	-5.66115
-28.3152	-7.35987
-28.3436	-8.12117
-26.1761	-10.9488
-24.8016	-10.6799
-21.6219	-12.0084
-17.4341	-12.8539
-14.8668	-6.20243
-11.8041	1.05626
-12.1735	-3.38473
-20.2942	-9.70264
-21.3013	-20.3662
-13.3818	-5.48484
-16.4583	-12.7116
-19.4129	-12.4041
-18.7369	-12.8215
-17.3563	-12.6324
-16.0855	-12.9934
-14.2706	-13.053
-14.3293	-9.37545
-9.22752	-7.28923
-11.1219	-4.59968
-6.601	5.75256
-14.1659	4.73138
-16.3163	4.26182
-18.1595	-0.636432
-14.1829	0.456601
-17.8057	0.988486
-14.8494	-1.71687
-10.7905	2.12241
-14.8023	3.54769
-4.92283	5.24727
-3.65456	-0.333016
-6.03328	-1.10706
-8.03213	-0.273778
-7.23543	-0.160656
-8.88603	0.6103
-11.2737	1.02116
-12.8438	-1.60266
-13.0342	-7.29379
-14.3214	-7.97864
-12.6545	-11.7508
-13.3435	-14.3889
-12.0967	-14.0709
-11.9186	-17.7192
-14.4982	-14.0031
-15.2151	-11.1324
-17.0466	-6.32538
-17.43	-1.59022
-14.649	-0.915746
-5.49224	3.72428
-6.25481	-1.64899
-5.93348	2.83192
-21.7961	-1.66231
-24.184	-7.52238
-26.3546	-6.78166
-25.3569	-5.65396
-27.2958	-2.33035
-25.2127	-1.84781
-22.5121	-1.07024
-19.127	-0.713975
-14.7298	-0.556872
-8.43522	-0.819138
-1.04532	-2.09389
3.32693	-2.87635
5.93155	-3.15061
7.48405	2.22419
4.84365	3.86055
2.92251	5.79341
-0.114233	5.90865
0.748486	4.56913
-0.257279	2.78432
-1.91462	2.63731
-3.99239	3.18166
-4.38706	0.744316
-4.98626	2.49943
-4.12368	1.17761
-0.531205	-0.597402
-1.96036	4.45465
-11.0566	-11.2079
-8.28146	-10.8842
-7.52094	-13.2659
-10.7126	-12.9371
-11.9315	-14.569
-11.7792	-18.8551
-7.64983	-9.2645
-7.75463	-16.4607
-10.7882	-11.8235
-10.3434	-3.27787
-14.6374	1.78903
-20.7116	-1.81798
-25.8718	-6.1847
-27.4939	-7.40776
-27.2982	-6.02116
-26.5799	-5.6933
-29.9956	-5.8634
-28.0855	-5.7798
-32.8651	-4.8822
-28.5479	-1.44786
-31.0757	-3.55353
-32.8143	-3.74088
-26.9994	-6.88203
-24.8067	-8.45762
-19.9817	-6.04183
-17.812	-2.9627
-12.9233	-3.50894
-9.38831	1.24034
-12.3089	1.85076
-12.8986	3.57621
-15.0745	8.56366
-18.249	0.130649
-16.2407	3.0142
-16.2306	5.07253
-18.8459	-0.909054
-16.8172	4.60951
-18.9939	3.98124
-18.6636	3.97432
-21.9873	3.26021
-13.2568	0.304562
-19.4214	3.99953
-18.751	0.0728845
-22.3824	0.138616
-22.2051	1.36587
-19.8462	3.22381
-16.935	1.66186
-19.5754	-3.23711
-19.6315	5.06923
-11.1535	8.48533
-5.76048	4.23898
-3.41272	0.0102945
-2.46326	2.36563
-5.87541	4.15398
-4.65656	4.36426
-1.76898	1.53106
-6.08494	1.16622
-1.40121	8.99727
3.05797	6.75194
-0.365345	9.13694
-0.359814	7.58438
2.28278	2.7403
3.38704	-2.09148
3.54594	2.71916
-2.32575	1.74162
-3.80159	0.930856
-6.45747	-1.05232
-12.3574	-8.18533
-10.1908	-8.42551
-11.124	-9.99366
-11.5875	-12.7408
-11.3045	-10.9345
-14.5721	-9.14952
-14.114	-11.3654
-7.81913	-3.71425
-11.8213	-0.358813
-16.2833	-0.313815
-17.513	-1.68149
-19.3732	-0.0666551
-19.3072	-0.426747
-18.3171	-1.23263
-18.0473	-0.642442
-16.1353	-1.0565
-14.7133	-1.89983
-14.6691	-0.389668
-15.518	2.72978
-15.3034	1.64251
-15.4053	2.03917
-14.3456	0.69863
-12.9263	0.677381
-12.9155	2.82938
-12.1405	0.766095
-10.269	-1.81866
-9.78063	-0.821157
-1.81136	-5.23877
4.85972	-6.00451
1.50963	-5.77957
-7.62544	-7.32031
-0.878795	-6.02778
1.87152	-0.692898
-4.10585	-0.935865
-1.62438	1.92749
-1.62996	-8.43339
-1.85169	-9.90925
-9.30428	-13.9171
-14.7218	-6.48528
-22.6804	-5.19055
-26.3631	-6.54575
-28.7573	-6.06418
-30.5408	-5.61285
-32.4765	-5.28087
-32.5699	-7.28453
-31.843	-10.3514
-24.0658	-14.1995
-11.3351	-9.39986
-11.6268	2.97677
-14.0878	-3.30204
-13.6263	0.360475
-19.8688	-5.97272
-11.6025	-6.33329
-12.0535	-5.51079
-11.4582	-0.640294
-11.1231	-2.6859
-7.21116	-3.56682
-3.95078	-7.8351
-2.40704	-6.97741
-0.82256	-0.880075
2.05368	2.70667
-5.07338	-0.997358
-6.57133	4.93231
-10.8462	2.03383
-10.475	2.65369
-13.8944	-0.146768
-18.9562	-4.7395
-14.7277	-0.865912
-22.963	-3.48416
-26.9731	-6.33098
-29.8961	-6.74916
-31.0627	-7.90751
-27.0508	-9.84007
-23.3187	-3.17202
-18.8679	5.1733
-16.5733	4.37768
-17.4621	5.07627
-16.4896	4.26792
-15.6689	4.2222
-15.236	2.68
-15.1506	2.70889
-16.225	-3.97845
-15.0107	-6.65756
-15.6596	-9.01808
-13.3841	-10.8256
-14.2918	-9.36465
-13.1953	-10.4783
-14.3056	-5.40422
-14.2228	0.929608
-8.34534	6.05044
-5.9623	7.0805
-3.48602	3.0517
-1.55013	1.55273
-5.42835	-0.546607
-5.85413	3.3796
-3.84511	5.32796
-6.51156	4.73511
-4.67972	8.85361
-8.74458	6.64579
-8.71646	8.64068
-18.2043	5.09075
-12.3233	9.17835
-13.5036	-4.87477
-9.19647	-14.2274
-5.56649	-9.10312
-0.40134	-4.94286
-4.31508	-2.27954
-8.96679	-2.23487
-15.9032	2.19632
-14.3264	0.714653
-13.078	1.23091
-9.67599	1.14977
-2.05018	2.0516
-6.06603	4.73965
-10.0305	3.74281
-14.3883	-0.249629
-14.2619	0.378591
-14.6834	-1.67395
-18.4675	1.16211
-17.5104	-1.71055
-14.8555	1.16359
-20.4726	-6.01341
-17.8872	-5.15546
-16.6581	-5.94543
-20.7385	-4.29443
-23.8823	-8.85168
-26.6695	-5.77892
-27.451	-4.61719
-28.1285	-4.69421
-25.3367	-9.81099
-16.6547	-14.0383
-7.269	-4.74149
-7.11644	-5.9307
-14.1184	-11.8811
-15.3456	-7.11173
-13.2513	-6.81678
-14.0119	-12.4499
-15.5289	-9.51372
-15.9832	-2.93866
-13.5222	-5.47557
-11.7483	-8.36865
-12.3618	-5.55797
-5.34192	-6.9649
-6.05735	-7.48913
-7.48038	-12.1327
-7.70433	-8.45144
-14.6226	1.28463
-14.7894	7.5692
-17.9797	3.27756
-11.341	6.39617
-18.5794	-4.82136
-21.0226	-5.96377
-20.0809	-10.6755
-17.1346	-13.996
-14.8126	-15.919
-15.0593	-19.6765
-13.996	-20.062
-14.7995	-14.7236
-15.8317	-15.1055
-17.9663	-14.9904
-20.498	-16.4234
-23.9391	-15.9209
-25.965	-16.4323
-27.0071	-14.5179
-29.6458	-12.1174
-31.1168	-8.72419
-24.3339	-9.11014
-29.8416	-8.95475
-26.7131	-7.13748
-27.4329	-5.70724
-28.0563	-5.16405
-28.5871	-5.87753
-26.2696	-4.95849
-24.1555	-4.66891
-20.6302	-2.34543
-17.784	-4.55531
-17.1656	-1.44638
-20.372	-5.01569
-20.0725	-6.47886
-16.4777	-4.38477
-18.0266	-5.54924
-18.5675	-3.70774
-19.7994	0.16551
-17.1975	-3.58034
-17.1496	-3.96116
-18.7609	-4.64442
-15.1319	-1.6631
-13.94	-9.52732
-13.2495	-13.4627
-14.4578	-9.00759
-16.6945	-10.0753
-16.4056	-15.744
-14.6929	-10.1304
-15.441	-13.7986
-12.4724	-12.5567
-13.9581	-14.209
-10.8062	-14.9187
-8.78247	-14.3627
-13.1313	-10.1875
-12.6993	-8.29536
-12.4608	-8.23555
-19.2092	-6.5972
-21.0147	-0.794614
-21.3256	-4.0886
-16.9376	2.48437
-19.7322	-1.43807
-16.3569	0.963155
-14.454	-0.290285
-18.7474	-0.791499
-20.0101	2.11517
-18.0716	0.35799
-18.6233	1.15318
-19.0524	2.25988
-11.588	-2.38534
-18.9812	-0.595948
-21.1216	-4.94109
-17.727	-0.112417
-18.4113	1.29247
-20.3786	1.40339
-15.087	4.27535
-19.3963	-0.538516
-21.1519	0.80233
-19.2597	1.62444
-19.1389	1.58836
-11.8912	2.26584
-5.86468	3.71649
-4.03309	-0.901193
-5.24153	2.37548
-4.72682	-4.70246
-10.9979	-7.80938
-16.085	-4.48402
-16.432	-8.46877
-16.809	-11.8747
-15.2542	-14.6242
-15.0822	-14.0591
-11.7853	-16.7583
-10.2973	-15.7843
-7.29401	-9.4389
-6.24617	-5.01867
-5.04296	1.07253
-9.12244	-3.77329
-6.01576	-0.260364
-8.65903	-2.23471
-9.01511	-6.85608
-8.37956	-5.8661
-9.77471	-3.64821
-9.24443	-2.91099
-11.5857	-5.83155
-15.9568	-11.9357
-19.1853	-13.3438
-22.2917	-14.0492
-25.3648	-12.3296
-26.6907	-8.39659
-28.7246	-5.3414
-29.7741	-2.9745
-26.6163	-4.23187
-26.8991	-0.144956
-22.0231	-2.14923
-17.9211	-1.6714
-12.562	-4.39663
-11.7464	0.688174
-11.0671	-5.94255
-8.21695	-6.35031
-8.47303	-7.60724
-4.18497	-10.2507
3.57887	-8.80423
4.61022	-11.9899
6.26936	-7.06558
-0.507614	-11.3976
-7.29315	-12.26
-9.29237	-12.1379
-11.7076	-10.7375
-12.9394	-15.0626
-14.1567	-14.3792
-15.2344	-14.909
-14.4381	-14.9895
-13.8708	-11.6506
-10.3257	-11.4222
-7.54376	-8.76627
-6.09053	-4.54226
-8.27725	-9.7755
-11.975	-10.3428
-15.8964	-20.0713
-11.1186	-16.281
-11.0191	-8.29789
-8.68219	-10.3967
-4.09337	-5.74191
-5.20474	-11.088
-8.31738	-9.22685
-13.3308	-4.91568
-12.9181	0.326249
-15.8866	0.270302
-16.436	-8.52471
-10.8071	-1.76251
-14.2039	-5.66568
-18.0375	1.1935
-12.5867	1.44378
-11.911	-1.72999
-14.5068	-1.65968
-18.5204	-1.81113
-17.9106	-5.69564
-15.6601	-9.02578
-14.1941	-10.696
-11.4155	-11.213
-10.3512	-12.3512
-8.97365	-11.2478
-6.62293	-7.95231
-3.82987	-7.17053
-4.1877	-5.39892
-2.37164	-6.10948
-1.91957	-6.9944
1.22118	-7.48834
-3.1706	-3.76788
-4.6999	-0.720235
-3.82033	0.403984
-9.39749	-0.341615
-10.0769	-3.89606
-17.7709	-4.9437
-19.3716	-9.7332
-21.1477	-11.9403
-24.2839	-14.1789
-26.6727	-14.6618
-29.5032	-12.7337
-31.7073	-10.5775
-27.6597	-14.6707
-28.3546	-15.1121
-21.8789	-19.5392
-16.9372	-22.2834
-14.7683	-17.418
-15.2518	-18.2453
-14.8049	-15.6989
-12.1535	-17.0768
-12.0171	-15.3335
-13.068	-18.5328
-19.6821	-19.5831
-24.3999	-17.3662
-27.3223	-12.6015
-28.4976	-7.71086
-29.865	-1.26837
-27.0071	0.711554
-22.0911	0.717013
-21.3557	4.13736
-13.4275	2.80889
-12.9318	-0.767888
-14.1237	-3.21801
-10.9709	-4.36273
-9.56969	-3.78041
-11.7135	-1.77318
-13.754	0.55949
-15.2834	0.693414
-17.9349	2.18927
-21.3642	3.57322
-23.5459	4.33638
-18.949	-1.33439
-20.5702	-1.49378
-20.1082	-1.07113
-23.6648	-1.94882
-25.5026	3.53957
-23.1594	6.61834
-21.9876	1.47254
-22.2623	1.51127
-21.8182	1.30392
-23.6037	4.1485
-20.2973	-2.39674
-14.9873	-4.35341
-17.7607	-2.40246
-18.7885	-0.863437
-19.8086	5.44939
-19.5894	3.936
-18.7036	2.4603
-21.9795	1.89225
-18.864	1.08348
-17.2215	2.83897
-21.045	4.97173
-17.8621	-0.783642
-21.8265	2.01589
-20.9205	7.43305
-22.3426	4.98233
-16.3119	6.04963
-19.8492	4.53721
-16.2023	3.8314
-19.5877	4.33134
-19.609	4.07145
-18.9527	2.79251
-21.6235	6.30813
-17.215	9.31015
-18.4452	6.98273
-18.957	7.53743
-16.6022	5.46395
-18.1615	5.90239
-13.222	5.76137
-16.1563	-4.73533
-15.5939	-9.25758
-13.4669	-4.05571
-12.7738	3.89071
-14.5794	-6.94943
-13.332	-11.0195
-13.5164	-14.9161
-16.5143	-14.7829
-17.0737	-15.3016
-17.9508	-12.5696
-16.9393	-14.1042
-18.0213	-12.1472
-17.6489	-12.1715
-15.7427	-10.2154
-11.929	2.43273
-11.088	4.34158
-10.5838	4.61253
-10.3024	4.64059
-9.48887	2.86724
-10.0228	1.88277
-9.87033	3.4689
-8.60806	3.83961
-10.6759	-2.31368
-19.6271	-6.86287
-19.8506	-8.31331
-16.5066	-9.19475
-12.5125	-7.28921
-18.4558	-6.71685
-23.2395	-8.17228
-24.5385	-9.23909
-25.2774	-9.22707
-28.6088	-9.60441
-29.629	-9.23868
-31.391	-9.23314
-30.1409	-11.0153
-29.9571	-12.5431
-27.5373	-14.3205
-25.7585	-14.9001
-21.1203	-11.3345
-15.8229	-0.357728
-12.8996	-3.75297
-17.9639	-4.42516
-18.5077	-4.43625
-18.3656	-7.02684
-21.1771	-5.07364
-25.6828	-6.3357
-23.7431	-6.68438
-21.2379	-7.27876
-23.3347	-6.13404
-16.2642	-5.28922
-19.6699	-10.1702
-24.3029	-7.85905
-20.6136	1.2291
-13.9633	-6.05033
-22.2917	-6.63527
-22.7375	-9.29102
-26.607	-10.8483
-28.4018	-7.52742
-30.868	-9.02592
-30.1619	-6.25455
-29.6284	-5.85425
-35.7083	-4.00605
-29.1604	-6.26067
-32.1618	-9.45763
-28.4752	-13.7217
-24.4665	-9.91517
-21.4616	-13.4923
-20.5446	-5.25198
-16.0531	0.124317
-21.4078	-6.46662
-21.5498	-5.08762
-21.2022	-7.36539
-19.169	-4.60933
-19.1772	-3.68237
-18.8039	-8.54353
-17.0554	-11.6172
-14.5545	-14.2489
-8.88652	-2.37549
-8.75331	-1.43401
-3.49286	2.65531
3.06992	-1.76442
2.90061	-2.10143
-2.09559	-1.63263
-3.55846	0.253776
-6.05664	3.21249
-8.6031	5.66943
-8.04756	3.79071
-7.83662	2.65584
-9.3864	1.59704
-10.4835	1.3419
-13.1831	0.0715279
-17.4453	-0.31793
-21.4684	-1.40913
-21.9483	-4.64505
-21.9084	-6.82611
-19.4317	-8.41621
-17.4683	-6.43565
-11.1336	-4.9319
-10.7684	-0.891436
-7.25307	-0.969987
-9.91143	-2.91573
-12.718	-6.15727
-17.7906	-12.3443
-16.3857	-8.95414
-14.7395	-12.7032
-11.0453	-8.34843
-13.2628	-6.24644
-14.1981	-12.1564
-14.7719	-8.1751
-18.175	0.320894
-13.5185	4.71664
-16.5319	-1.367
-18.9148	-5.49606
-18.7931	-8.0318
-20.3375	-7.10933
-20.9518	-5.70696
-20.5826	-7.17785
-18.2212	-5.20942
-8.19336	-12.3068
-5.64525	-12.2642
-9.04458	-12.3746
-13.3919	-12.8188
-10.9851	-6.44009
-10.7701	1.9537
-15.1766	0.124962
-16.7671	-3.41869
-17.3346	-1.66613
-17.2541	1.57253
-16.977	-0.00716102
-18.4421	2.28392
-23.7909	-4.43734
-24.3662	-4.15174
-22.8668	-0.99426
-23.7566	-4.06059
-17.5507	2.85359
-19.0847	-7.82279
-22.4334	-9.31291
-26.8852	-8.86079
-30.4526	-5.36231
-29.28	-6.13087
-30.5385	-5.35787
-29.4174	-6.24454
-29.9906	-4.4634
-29.7379	-2.87631
-29.415	-1.51821
-24.3602	-4.47257
-11.3886	-7.25554
-2.32825	-3.55326
-0.106172	-7.59945
-3.23355	-3.27908
-8.25885	1.06268
-6.86163	0.674912
-2.55819	-1.68272
-0.878869	-2.65541
1.8927	-5.11175
2.78935	-3.85882
6.40352	-8.32088
5.47831	-6.77496
4.58481	-0.930517
4.04954	-0.174117
2.88946	-1.38528
-5.31879	7.00295
-10.545	1.12851
-13.8192	2.92384
-17.4521	-1.79007
-16.2387	4.85938
-16.4016	3.42731
-18.7755	4.31549
-14.6264	1.95404
-19.0669	0.580389
-17.991	-0.408469
-20.4418	2.76356
-17.979	4.78178
-19.5248	1.19493
-22.522	-8.09056
-20.5979	-7.23959
-19.9316	-11.5098
-16.0286	-12.4225
-14.0706	-5.91212
-18.84	-3.41463
-14.6085	-0.429511
-14.6203	5.45417
-20.3269	-4.48267
-17.9084	2.52136
-20.5825	-0.940862
-20.7822	5.5811
-17.4267	3.31151
-19.4028	2.3574
-18.0737	3.6593
-19.5073	3.89211
-20.0259	3.41376
-17.654	3.62922
-13.5242	-0.685602
-16.5301	1.80785
-20.6854	2.06451
-18.1791	-0.907345
-19.4547	0.736782
-19.5243	0.693677
-16.5381	6.10374
-17.7837	5.29832
-14.8275	3.2745
-13.2614	-3.97923
-13.6812	-3.32207
-19.1684	5.62098
-21.8811	10.6858
-22.4759	3.41016
-27.4374	0.107449
-29.3812	0.969616
-24.0595	-0.517001
-19.8504	1.13207
-17.4693	6.47367
-13.9211	11.0829
-11.2548	3.79278
-9.80226	8.1786
-13.2745	1.90708
-18.4813	3.16131
-19.2387	3.76738
-25.9973	-4.77188
-22.533	-3.79854
-6.30518	3.07871
-8.30053	-1.49455
-8.48232	-8.83135
-9.2537	-9.18519
-9.84367	-8.64278
-10.7808	-5.62546
-10.7017	0.0287597
-8.88478	-0.419574
-6.48565	0.439802
-7.53019	1.43497
-6.04612	0.312491
-10.3864	-0.493597
-17.6341	-7.51651
-19.2393	-4.41359
-11.4415	-4.0524
-17.3447	-3.21717
-15.8221	-5.99791
-15.6611	-5.92315
-15.4217	-6.2093
-13.5764	-6.41288
-12.1569	-6.21591
-10.1477	-4.59284
-3.06543	-7.81337
-1.28695	-6.41379
2.73907	-4.73309
1.88717	0.365295
-2.80735	-0.715317
-19.2239	-7.60222
-8.47537	-7.57957
-4.15338	-0.338663
-1.95357	3.02961
-5.61573	-2.71816
-6.9975	-1.96979
-7.72224	-4.37518
-6.24131	-4.33271
-1.99621	-12.2024
-6.35634	-11.1646
-7.78952	-8.43633
-9.29126	-5.6568
-9.92825	-1.58392
-8.57057	-2.05804
-7.3757	-3.38086
-9.07015	-2.42505
-8.70515	-1.52553
-9.03766	-0.586877
-6.94842	-2.73686
-2.25898	-3.82034
-3.48573	-3.61011
-0.106171	3.70169
-6.53587	-1.24153
-3.94785	-0.341834
-7.11328	-7.72048
-5.49228	-4.6522
-4.64733	-4.25215
-10.9058	-10.3391
-11.5395	-8.804
-7.08142	-0.315629
-5.88314	2.33867
-0.74583	2.3562
-0.70286	1.19714
-0.258505	-2.03062
-0.319489	-2.10689
-0.562885	-2.36321
-0.581268	-1.35691
0.912885	-1.99118
-0.619096	-0.851157
-1.6591	0.950331
-2.37545	-0.267503
-4.87154	0.114111
-7.24523	-0.826861
-10.4562	-1.48064
-11.9351	-2.50126
-12.3975	-3.23907
-13.8096	-3.17402
-15.6834	-4.45979
-16.4782	-3.21906
-17.6223	-3.49356
-17.8354	-2.7902
-17.6538	-0.905783
-13.3172	4.67408
-13.4241	8.97667
-13.0964	7.27081
-12.0819	4.95951
-13.5676	6.43765
-13.3287	6.47492
-13.9479	7.47004
-14.9018	7.72635
-16.6191	8.28127
-15.5391	7.69921
-16.3047	7.59854
-17.3113	7.48236
-17.7294	-0.914167
-18.4345	-3.11968
-18.8372	-1.65487
-17.4072	-3.49335
-16.2387	-3.75915
-14.041	-5.10117
-9.54276	-5.56486
-5.00119	-5.79673
-3.14828	-4.10763
-0.846782	-5.07771
-2.4046	-4.85239
2.20909	2.81208
-0.363845	2.43717
-1.77192	-1.18612
-6.74437	3.15351
-9.5017	3.4549
-9.29538	3.84516
-8.10974	3.35598
-9.93719	4.3825
-11.0894	3.37942
-12.3516	1.92219
-1.73836	-9.08823
1.10782	-8.45626
-10.8553	-6.52212
-15.9667	-3.96314
-18.2609	-6.95873
-17.776	-12.4106
-19.0937	-14.6038
-18.6048	-17.293
-20.31	-16.9342
-19.5064	-16.442
-19.5639	-16.2
-20.5482	-15.9603
-20.7623	-15.4889
-19.9381	-13.9026
-18.7483	-11.5914
-20.2018	-10.4905
-20.7097	-9.94801
-22.0366	-10.0751
-22.8442	-11.2656
-22.7989	-12.3951
-23.3282	-12.4267
-24.2816	-12.183
-25.2483	-11.4854
-23.676	-10.5934
-24.4896	-8.93665
-23.2349	-10.1988
-19.7362	-10.193
-14.7343	-7.81217
-5.83604	-7.78729
-6.96402	-8.39729
-6.0032	-11.263
-3.94136	-11.0935
-7.32065	-5.04516
-8.59142	-6.96188
-12.8074	-6.20082
-10.2169	-2.50141
-14.7377	-2.02606
-9.98061	3.48277
-9.64538	-3.3483
-16.3314	-7.39947
-18.703	-4.87185
-18.6642	-3.93535
-16.6278	-6.68673
-16.0414	-5.44255
-13.4132	-5.45258
-12.3884	-3.19434
-9.49519	-2.1664
-8.42397	-2.96734
-8.60128	5.69353
-5.78966	3.2514
-6.29424	9.37954
-9.59911	6.70049
-11.5477	3.87443
-18.2835	2.18105
-21.8864	-9.69454
-19.5165	-6.70188
-19.5761	-7.48962
-3.53609	-5.70655
-4.57012	-5.58291
-4.96178	-7.11021
-8.22228	-4.67279
-9.90991	-0.797532
-10.6248	0.974218
-12.4429	2.38316
-11.3591	2.89897
-9.56865	1.25861
-9.943	1.89947
-7.81342	-0.60358
-5.21341	-0.796947
-3.5924	4.02032
-0.0764632	-1.51537
-4.14739	-1.59448
-10.5101	-5.92434
-11.1806	-9.67759
-11.123	-10.8937
-11.2875	-2.31732
-12.4049	0.397609
-13.9391	-1.67361
-16.6603	-2.37489
-14.9179	-0.794864
-17.6552	-2.99878
-16.8478	-13.8813
-11.2894	-11.2924
-16.1436	-6.18566
-9.51989	-4.3812
2.79935	-3.7753
5.38918	-9.81949
0.865501	-11.1135
-11.8877	-2.6642
-13.9374	-6.81851
-13.9839	-6.27548
-10.8525	-8.44653
-7.88481	-2.97886
-2.34394	-1.47932
-2.20614	-5.56024
-8.04322	-13.5847
-12.596	-12.684
-10.0263	-14.5782
-11.9145	-15.5352
-12.0272	-13.0653
-16.2422	-14.6498
-19.7628	-11.8941
-23.1089	-7.28193
-25.6375	-8.85201
-22.0963	-4.63723
-19.8743	-0.654862
-23.9269	-0.645629
-28.4924	-4.46476
-23.4498	2.20377
-29.9422	-0.646745
-27.9042	-1.1456
-30.4293	-1.20018
-20.5181	5.56093
-12.8673	-0.29355
-21.2874	1.47528
-26.9722	0.67665
-17.3475	7.39521
-11.5227	4.49014
-13.1144	7.87796
-12.3657	7.99636
-10.0636	2.56882
-10.1559	2.21872
-8.56749	0.338003
-8.89839	-0.343732
-6.81076	-3.79181
-6.83701	-0.560916
-3.46604	-2.70789
-8.95387	2.095
-8.44497	5.52755
-1.43327	12.3492
-8.44225	11.0654
-13.6358	-17.4225
-8.74234	-14.0322
-4.69034	-7.69813
-8.67701	-9.17494
-5.64469	-14.3445
-9.70131	-14.0457
-8.32757	-12.7188
-9.36528	-14.7607
-7.65804	-15.4839
-4.57042	-8.60063
-5.92435	-7.98749
-10.457	-7.19406
-16.2978	-6.99035
-14.9892	0.867354
-20.8275	-2.27398
-19.5867	0.27234
-19.7753	1.26346
-17.7074	6.56784
-18.7735	3.63882
-16.575	6.3473
-16.8884	-1.73406
-18.3476	-0.639746
-16.5791	2.99653
-14.6035	6.71052
-19.9407	6.33405
-14.1399	3.1276
-18.1228	1.02308
-20.187	-3.6947
-18.7565	-3.95146
-17.2928	7.82453
-17.946	-1.11452
-17.7006	-0.0589696
-18.74	4.85011
-14.7465	3.42782
-17.2963	3.00158
-16.0018	0.137932
-11.62	0.365914
-3.83099	0.511528
-6.78407	2.11671
4.7281	-6.19944
8.92114	-8.70543
10.0496	-6.81966
10.4613	-5.07761
7.58214	-6.45361
7.45606	-6.55856
3.66703	-7.82714
0.0364688	-9.10331
-6.55151	-8.61504
-14.562	-4.38936
-19.2786	-2.39432
-22.9468	-0.949384
-24.6193	-4.41765
-25.932	-6.68398
-22.453	-5.6673
-14.2039	3.35026
-14.444	0.851664
-14.9212	0.240475
-15.2567	2.22094
-14.4012	-3.35628
-16.4133	-14.009
-27.8062	-8.8313
-25.3045	-14.6462
-24.4532	-16.9695
-22.9197	-19.1979
-21.6729	-19.6952
-20.1873	-19.4712
-18.363	-16.1989
-12.9893	-5.05372
-7.72267	-4.5086
-9.28744	-0.718443
-14.5284	-2.9482
-12.7666	-1.53015
-17.2092	-6.23626
-11.3886	-7.00742
-21.0934	-9.13307
-22.2737	-11.3184
-12.4323	-2.45966
-17.0217	-12.7159
-15.4015	-17.1272
-13.9662	-18.9977
-13.6809	-18.2136
-12.4115	-17.1495
-10.1198	-14.9308
-8.59335	-5.1891
-8.80788	-2.7017
-12.5978	-3.60328
-14.8124	-8.06738
-9.43147	-7.10118
-11.6447	-7.73265
-21.914	-9.94646
-21.1785	-6.78191
-18.7852	-12.1638
-23.5996	-12.5313
-26.0614	-11.5048
-25.1459	-13.3184
-24.595	-12.5165
-24.3558	-12.7103
-22.8401	-11.7871
-21.841	-7.62381
-21.3604	-9.36498
-23.3913	-8.26618
-23.5419	-6.01594
-22.0415	-5.56067
-20.648	-0.289935
-16.0871	2.55379
-16.4813	3.86249
-16.7971	3.63769
-15.7252	3.74193
-14.5672	3.9669
-15.6567	4.23825
-16.52	5.8173
-15.0897	2.32009
-15.7797	3.53729
-14.8427	2.70086
-13.7276	2.02988
-13.4065	0.716925
-12.4058	-1.15679
-14.8267	-3.60735
-16.2709	-16.2393
-17.8284	-21.9191
-17.8975	-22.5314
-17.3774	-23.4298
-17.5796	-24.6334
-17.4539	-24.9686
-17.2796	-26.3994
-17.6731	-26.1025
-16.6593	-25.347
-14.5447	-23.033
-11.317	-15.7605
-10.008	-8.93968
-10.9314	-5.49678
-8.88328	-3.07566
-11.8014	1.04275
-11.4864	-0.85912
-9.93484	-1.13594
-8.14261	3.30686
-12.8211	0.811653
-16.1822	0.757307
-19.3431	-0.0946621
-21.8821	1.00003
-19.6875	-2.94115
-17.8775	-6.31232
-17.1358	-9.15925
-18.5161	-11.0927
-19.792	-16.866
-21.4256	-18.42
-23.9298	-16.5006
-23.5055	-15.3616
-24.7543	-17.5128
-26.2638	-13.8964
-22.7652	-16.5705
-22.8919	-16.5684
-22.9991	-16.7797
-23.0281	-17.48
-24.6124	-17.0944
-24.5148	-15.9869
-26.5677	-15.5114
-23.3512	-15.9999
-24.2177	-14.1843
-19.976	-14.0685
-20.1763	-13.2795
-21.0744	-10.9814
-20.55	-9.47101
-23.782	-6.74632
-25.2761	-5.40271
-26.6244	-4.33988
-25.9581	-3.69328
-26.9612	-2.8912
-28.9237	1.01108
-29.4639	3.55006
-25.6998	5.08074
-19.0051	6.607
-12.5508	6.46588
-12.1381	2.76496
-12.6495	3.76424
-8.53549	3.48787
-6.53116	1.08285
-5.32079	-2.04696
-4.04716	0.00316641
-4.97834	7.40997
-1.72134	5.42722
-3.80162	0.481042
-8.10703	-2.63495
-13.9168	-5.60507
-12.8023	-9.38669
-10.4963	-11.5655
-10.9395	-7.85443
-9.74505	-6.19719
-9.86767	-6.22812
-8.15493	-2.552
-10.8685	-1.26967
-4.7064	2.31958
-2.38762	-8.05334
-8.12031	0.8744
-6.08259	-1.63136
-9.11332	-3.02681
-11.7043	-3.90575
-15.9594	-1.24292
-15.8189	-7.7961
-19.8648	-0.826767
-13.1023	-7.34139
-7.97067	-3.22704
-7.52608	3.17488
-11.6299	-0.470469
-11.201	-8.66562
-12.9348	-13.1725
-12.5944	-10.2661
-17.1885	-8.79949
-15.5751	1.29435
-14.8695	7.01217
-19.8199	-0.286223
-18.3379	-2.32427
-16.112	-2.35674
-17.1575	-1.15756
-17.0585	-4.98616
-19.748	-9.95498
-15.3099	-1.48602
-13.0268	7.09566
-18.3868	1.43573
-19.1313	-12.5466
-22.3861	-8.67969
-24.2431	-8.02727
-28.4003	-6.34846
-30.7591	-4.04134
-32.2748	-4.5437
-29.8303	-6.48161
-27.4535	-9.70206
-21.2789	-10.6245
-20.1919	-3.72764
-16.6751	-3.09038
-14.5941	-0.218336
-12.9275	2.56415
-10.8732	1.23517
-14.2785	-9.84333
-13.3595	-8.2286
-13.8814	-8.70377
-13.4169	-8.26114
-12.7936	-9.73968
-11.3221	-10.4302
-11.5912	-7.07841
-9.83114	-4.46684
-6.7393	-1.64858
-2.69619	0.400603
-3.03221	-0.720661
-0.372324	-2.22151
-1.39091	-3.67443
0.51827	-0.733986
-0.497988	6.4411
-9.81105	5.26151
-14.4259	-0.363835
-14.7765	0.96146
-17.7774	2.20708
-18.6786	-1.2161
-18.1274	0.999391
-18.4126	-0.948857
-18.4328	-0.124094
-30.9893	-18.7163
-28.3525	-16.4755
-25.8028	-12.0528
-26.8788	-21.7197
-18.158	-6.84827
-16.1126	-3.21359
-12.1561	-6.08169
-14.0189	-15.4292
-14.7599	-13.5365
-13.0451	-14.0567
-9.87897	-12.7029
-10.3168	-8.69742
-10.3509	-4.71319
-8.81	-6.49594
-8.00993	-6.84862
-5.07812	-4.77223
-6.58282	-3.11204
-6.67075	4.99534
-15.1589	6.06437
-17.9634	4.80808
-16.4484	-22.2929
-21.023	-18.2038
-16.2631	-6.29306
-15.0624	-2.02866
-11.4876	2.29969
-11.9514	3.17251
-9.53189	8.0818
-9.32343	-1.22722
-16.7377	-6.76482
-17.2888	-11.0879
-20.6757	-7.75755
-24.7953	-10.0113
-24.5762	-14.559
-24.4105	-15.9935
-25.8581	-17.3789
-21.9561	-22.296
-18.5816	-22.4868
-16.8125	-21.4566
-12.7793	-21.192
-14.5112	-16.4391
-12.8406	-16.3674
-12.0602	-8.56608
-13.3832	-11.0178
-7.79857	-7.69985
-5.74809	-2.30521
-10.0117	-0.53246
-13.4455	1.22355
-11.6867	1.02327
-8.46266	-2.31551
-7.42621	1.1306
-10.9858	2.51379
-8.90057	1.46233
-14.702	0.400587
-16.5815	-4.55926
-19.6171	-0.683623
-17.8756	0.598775
-19.4359	-2.75772
-16.9181	4.08985
-19.1764	-0.0616332
-18.6411	0.591017
-20.6935	4.14036
-23.9638	-0.470937
-23.2435	-0.834543
-20.0424	1.01389
-16.6505	-2.69548
-19.2392	-0.587755
-15.5054	2.79094
-18.5459	0.485421
-22.8022	0.176937
-18.6473	1.34949
-24.6936	-4.42245
-30.0499	-8.03368
-24.5727	-2.53786
-23.2023	-5.45736
-24.4897	-7.74197
-26.9375	-8.32227
-25.9762	-11.2267
-30.811	-12.9767
-35.6022	-5.27667
-33.7998	-10.1216
-31.6364	-12.8084
-31.4788	-14.7718
-28.9386	-16.4812
-27.8186	-17.169
-28.1723	-17.1232
-28.9577	-16.4651
-30.6289	-14.9974
-30.5113	-14.8221
-30.6881	-13.2579
-29.4567	-14.0803
-29.0696	-12.4313
-29.8524	-10.0616
-28.9249	-7.29297
-28.9706	-5.67973
-28.1075	-3.61216
-27.6936	-2.54265
-22.8204	5.72875
-11.3245	-3.05581
-11.969	-3.52261
-9.86809	-4.55932
-9.26557	-1.32097
-13.5207	-0.106499
-8.03192	-6.93092
-15.9823	-12.7298
-9.53403	-19.4013
-6.74765	-18.6251
-5.2309	-12.0796
-11.125	-10.0971
-10.7591	-7.50663
-5.32679	-9.19287
-6.14294	-12.48
-11.1704	-11.3123
-9.23259	-10.2083
-9.39805	-10.2852
-5.7069	-8.79576
-6.02197	-8.75344
-5.63461	-12.3834
-3.31723	-10.398
-1.66532	-9.67253
-0.0804313	-8.52171
-2.7594	-9.83437
-3.21505	-7.67492
-2.62763	-7.76942
-3.03137	-4.31362
-5.31432	-1.4402
-1.6272	1.2253
-4.77772	-0.49028
-8.60118	3.71724
-10.2302	1.13884
-16.4367	0.747271
-17.1961	-2.74495
-19.3527	-1.7968
-19.3294	-0.155062
-17.2199	-0.679579
-15.824	-2.02156
-15.0678	-0.937842
-12.6504	-2.10932
-9.34428	-2.04948
-8.65002	-1.78185
-8.32879	-1.41093
-5.53156	-2.3247
-3.47229	-2.89045
-2.16899	-4.62913
-2.8926	-6.02052
-4.49631	-5.53261
-6.15488	-5.31808
-9.02032	-3.97033
-15.5992	-3.45328
-16.8518	-5.15324
-21.5603	-7.11487
-24.2919	-13.102
-25.415	-14.7332
-25.1796	-19.3579
-26.1352	-22.3249
-24.5786	-21.5303
-22.159	-26.9875
-21.5943	-28.3405
-23.4455	-23.2906
-17.8343	-27.6975
-14.1474	-27.4268
-11.6505	-25.7319
-11.0522	-21.7476
-14.5961	-11.4242
-10.9531	-5.46775
-12.9861	2.26694
-13.4054	3.56781
-8.51998	6.29075
-9.66133	-0.0997216
-14.3643	-7.99347
-13.9411	-12.2051
-10.3989	-9.62726
-12.6282	-12.9585
-9.02172	-12.5292
-14.9124	-12.2056
-14.5937	-8.43054
-17.805	-7.05881
-18.4498	-0.987719
-24.3855	-5.56148
-24.9901	-7.57437
-29.0713	-4.61367
-28.6571	-3.60249
-28.0938	-3.28277
-26.5484	-1.50474
-24.1883	-0.820972
-21.4187	-0.423651
-17.3156	-1.0334
-13.8128	-2.3888
-11.3361	-5.83093
-10.1161	-6.26088
-8.37193	-2.90957
-4.88529	-0.483759
-10.3111	4.07546
-12.9864	-0.43413
-15.6202	-3.30454
-17.8237	-2.5768
-19.318	-14.6609
-20.0866	-23.5132
-22.2977	-16.4295
-27.0584	-11.5039
-27.2927	-12.4226
-22.2817	-4.65295
-12.7789	-11.0685
-13.9522	-13.8458
-12.3947	-12.9673
-17.3161	-3.63747
-18.4443	0.719426
-17.1552	0.0950326
-16.3464	-0.398778
-18.2791	2.88451
-16.4125	2.04128
-13.983	0.605899
-12.7817	-1.2964
-17.5994	-4.36893
-22.1302	-0.458218
-22.1354	-1.47289
-21.891	-1.14342
-20.9677	-1.98082
-20.322	0.765694
-15.1246	-2.47415
-13.7347	-2.88935
-17.1205	0.385259
-10.8911	-0.990048
-10.3514	3.42118
-12.0478	4.9431
-9.66697	4.61047
-10.6185	6.65873
-10.8466	5.10707
-8.53958	7.08038
-12.6554	5.30632
-13.765	1.42648
-18.6565	5.10719
-20.2777	-4.91561
-18.3273	-0.256122
-21.7647	-3.22331
-18.5695	0.463945
-18.8752	4.49164
-15.8144	0.200271
-17.8244	2.26876
-20.576	2.23798
-13.8542	4.35048
-18.0417	2.45252
-16.4015	-0.359841
-16.7509	0.842772
-19.8155	-3.11942
-17.1134	-3.02977
-20.0717	2.72287
-18.1441	3.38229
-16.5611	1.16352
-18.5986	-2.2087
-19.7944	1.62059
-14.6277	7.90948
-12.7639	6.99163
-8.71092	-3.41349
-11.5138	1.43287
-9.1831	-3.28608
-11.1476	-0.752734
-14.1641	3.85122
-11.7294	2.9106
-21.7468	-1.63032
-25.9554	-7.50023
-25.267	-12.7004
-25.3215	-12.8258
-23.7495	-12.6284
-23.1067	-11.5542
-19.9792	-7.32094
-16.1694	-2.88584
-13.1073	-3.53489
-12.6346	-0.86936
-10.4721	0.485872
-8.89292	-0.496126
-6.70451	1.27783
-5.05227	-1.72458
-4.05658	-2.34277
-5.24463	-0.995244
-7.96522	1.5614
-8.25028	-0.556629
-6.77838	0.704031
-7.87458	0.52963
-5.94846	7.2073
-9.16672	10.0338
-11.9255	9.497
-17.4707	3.17129
-20.377	4.70346
-18.0543	3.51832
-17.2352	-4.35303
-15.5016	-7.72974
-16.4113	-8.71476
-15.0526	-10.2431
-13.8795	-11.3639
-11.98	-10.0096
-9.4614	-3.77411
-5.16404	-2.45781
-4.50837	3.80459
-6.33406	5.67898
-7.79302	-4.67573
-14.5321	-9.76008
-11.9655	-13.5191
-12.0468	-15.4957
-6.09739	-9.93812
-7.8816	-12.4161
-8.97945	-9.96231
-10.3447	-14.9764
-10.0998	-11.884
-6.25889	-7.67001
-6.98609	-3.42038
-6.36197	3.85843
-10.2506	1.04877
-10.7928	-1.74636
-13.8075	-5.62057
-14.9458	-7.49882
-16.1064	-10.0851
-18.3358	-11.4853
-20.0844	-11.673
-22.0514	-12.2668
-23.106	-12.7178
-24.867	-13.9231
-24.8196	-12.32
-24.9344	-13.1962
-25.4457	-13.0111
-25.5296	-11.5109
-24.1971	-12.4621
-25.8975	-10.644
-25.8356	-13.2991
-26.0382	-15.5509
-27.8615	-16.3892
-27.8949	-17.854
-27.8322	-19.0194
-27.5688	-17.406
-28.8306	-17.1645
-28.5982	-16.6743
-28.4497	-16.8616
-26.643	-17.6956
-20.3137	-16.2237
-14.8406	-8.48399
-15.6957	-5.12901
-14.9627	-7.37993
-12.7953	-3.81293
-5.58731	0.719662
-9.15857	-6.62204
-3.50377	-8.349
-6.92295	-5.08041
-7.97483	-11.356
-6.36317	-13.3457
-9.5447	-15.7036
-8.74269	-8.51263
-13.6569	-9.64659
-18.7441	-9.56472
-18.9356	-9.66389
-14.8376	-8.59762
-16.2075	-4.20089
-16.0048	-5.21004
-10.8031	-6.43939
-13.6976	-9.2558
-16.7169	-8.60421
-18.9885	-7.59156
-18.931	-5.90298
-18.6286	-3.00846
-11.0896	4.97839
-12.274	6.38979
-11.2535	5.19031
-9.96249	6.81136
-9.43893	4.98207
-9.08441	4.75725
-8.44237	4.44867
-7.2225	3.70005
-8.52784	4.34622
-8.52625	4.48641
-5.99889	2.94615
-3.67562	-0.38126
-5.15646	2.84697
-7.53368	4.123
-9.90727	-0.551152
-14.0726	-2.25922
-16.2646	-3.80666
-16.8083	-3.84876
-15.7396	-4.76598
-17.4725	-3.329
-17.7852	-2.23073
-17.6447	-0.996154
-17.9502	3.01431
-13.3268	4.0606
-7.79397	2.55363
-4.41258	2.38664
-7.83321	6.68997
-7.82101	6.51532
-11.4965	-2.91556
-8.84232	-9.11871
-14.8793	-12.6304
-7.61816	-17.6107
-8.16986	-16.5483
-5.90415	-6.74741
-8.27469	-1.6368
-7.44204	-6.2121
-9.0156	-0.000102705
-12.3491	-4.36599
-18.2968	-6.39569
-19.9699	-11.9612
-20.952	-14.0428
-23.8764	-10.1504
-25.7303	-7.76215
-23.7051	-8.18034
-21.2711	-7.20408
-16.3603	-1.82867
-9.26971	-1.06168
-8.66948	3.5907
-14.9522	-2.99567
-18.2816	-3.50468
-22.6722	-5.60635
-22.3901	-8.73997
-14.083	-2.40482
-15.8382	-3.69784
-17.9428	-4.21007
-22.8856	0.275287
-21.9469	1.1841
-19.2586	0.0989218
-17.4988	2.38484
-9.95792	2.11071
-11.7096	3.14004
-13.3181	4.69839
-12.3283	2.7254
-13.6018	3.79157
-13.4758	3.072
-10.7192	-1.36574
-6.80193	-7.90344
-2.52463	-13.0559
-0.67325	-14.6112
1.6809	-15.0446
1.88452	-14.8263
-0.850565	-11.8863
-5.47271	-6.31738
-10.0248	-2.98796
-13.5241	-2.61667
-14.8831	-1.78159
-16.875	-0.695467
-16.8893	-1.84225
-18.324	-0.549572
-16.485	8.58368
-12.2089	6.58247
-11.5213	6.22981
-12.5691	7.44721
-13.7184	9.06442
-13.2803	7.76662
-20.0306	5.9792
-25.9807	-0.295464
-27.7847	-3.76211
-28.9374	-4.18985
-28.8424	-5.75492
-29.3635	-5.28955
-28.8215	-5.47241
-28.4889	-6.59111
-26.4928	-3.7173
-19.9751	3.22193
-17.4867	8.36664
-16.1838	4.88002
-13.9311	2.73611
-9.67452	-0.626426
-6.01353	2.30631
-5.1815	2.79718
-10.0817	3.71026
-13.2556	3.43829
-16.3319	-1.95409
-17.8008	0.0718263
-12.7297	0.798983
-14.6324	13.7449
-13.148	5.0633
-9.60321	3.60597
-16.6476	2.43472
-8.48007	-0.607109
-11.2401	0.5232
-9.59995	-6.11814
-7.36695	-8.02213
-6.29006	-8.49973
-6.91193	-8.51343
-7.47428	-7.47857
-9.27995	-5.51289
-5.92872	-3.13325
-9.06877	-4.11616
-6.87295	-1.97781
-10.9891	-2.21252
-5.33506	-4.55691
-8.34458	-2.34165
-11.0325	-0.867093
-12.3912	-0.0684671
-14.9867	3.40998
-14.0102	0.237218
-9.49688	5.76994
-13.6583	-3.68841
-25.2912	-9.49427
-24.8007	-13.1579
-26.9264	-13.9278
-27.8701	-12.3427
-29.8479	-9.24965
-28.9859	-9.92087
-27.4513	-10.3333
-21.6456	-15.1414
-17.1369	-13.7898
-14.0173	-8.08703
-5.69167	-3.73326
-9.36127	-7.714
-8.89593	-13.6616
-9.33358	-16.2559
-12.3547	-17.7228
-9.57839	-17.2773
-10.3065	-12.9837
-8.67978	-20.1909
-11.3005	-14.305
-9.00572	-9.96243
-18.1746	-10.4071
-16.2138	-1.75714
-16.3952	-14.5945
-20.8226	-15.3751
-25.3241	-16.8954
-29.5918	-12.4445
-29.5271	-12.5136
-27.8502	-11.1108
-22.5348	-16.1602
-19.2462	-20.7315
-15.4372	-21.9039
-12.1442	-22.6421
-7.7296	-13.107
-10.6852	-2.81736
-15.4096	-0.574539
-19.1385	-3.53171
-16.6872	-6.97815
-16.93	-1.66465
-18.6997	-1.27028
-13.5918	0.174435
-11.8161	-8.44616
-11.4922	-17.4249
-12.4106	-14.8292
-14.5521	-11.1633
-14.3002	-9.38623
-13.667	-5.20475
-13.425	-4.05918
-12.5299	-4.39993
-11.6848	-1.81791
-12.5666	-1.69756
-11.3525	-2.14048
-10.5543	0.17685
-8.17061	-1.00624
-9.31445	-1.70185
-8.35605	-2.68748
-11.8029	-6.52046
-10.8351	-7.04364
-11.5914	-7.14403
-13.1416	-5.13607
-10.4527	-4.35319
-8.09825	-2.70394
-13.271	-0.541928
-16.5603	0.787183
-17.7571	0.689866
-17.9989	-0.362041
-17.6698	-0.959932
-18.2038	-1.48758
-18.439	-1.89851
-17.1558	-0.714719
-11.4991	-8.90995
-10.2198	-6.32418
-12.8247	-2.87789
-10.074	-7.51076
-12.1388	-6.38806
-14.6265	-4.65889
-14.0494	-1.19203
-13.9558	1.25519
-7.92964	0.697007
-8.22819	2.00609
-8.21421	3.46272
-8.2526	1.50202
-8.95382	-0.940006
-8.51892	-3.74028
-9.09821	-5.32635
-10.2593	-8.14681
-12.5363	-11.4017
-8.60957	-6.93666
-7.15778	-11.5861
-10.504	-9.68682
-8.53931	-7.89851
-9.19233	-10.3011
-9.70507	-8.63592
-16.5693	2.72698
-17.6106	4.56264
-18.3671	0.705737
-19.0395	-0.973963
-17.1582	4.13316
-17.9815	2.23185
-17.532	-3.33536
-19.8877	-4.01892
-18.2507	-4.08409
-20.8761	-2.85354
-20.4804	-8.30535
-22.9301	-8.61228
-17.7736	-13.0022
-20.6904	-17.2181
-22.1212	-17.9237
-20.8061	-19.5126
-22.4313	-14.6075
-17.3498	-6.74855
-12.1427	3.78783
-13.4991	5.7284
-13.6745	6.89445
-13.3862	8.60558
-14.7949	7.02168
-23.8694	-3.59179
-31.0831	-3.57654
-32.8416	-1.73721
-30.3764	-4.60184
-31.6417	-2.90306
-33.3634	-0.361944
-32.6217	-2.24942
-30.3522	-4.0727
-29.5652	-5.80593
-28.5494	-4.76357
-27.5126	-4.29792
-23.6888	-5.58851
-22.117	-5.98026
-19.5564	-7.06132
-16.6861	-4.68675
-9.55262	1.1219
-7.51731	-1.42992
-8.2612	-2.65593
-8.39032	5.4557
-8.5387	6.40428
-4.76853	0.150506
-11.3136	-1.17216
-16.854	-0.610151
-21.993	-7.50511
-20.9424	-9.17555
-19.3014	-14.6515
-18.8716	-14.8852
-24.2161	-13.7435
-25.2592	-10.451
-25.9669	-10.844
-26.1903	-11.3052
-25.269	-14.0935
-24.3076	-12.4184
-22.2335	-10.8273
-18.959	-7.74132
-14.6047	-6.10506
-11.1043	-4.68346
-9.61377	-3.44826
-14.3082	-1.81724
-12.5343	1.10275
-12.1091	2.41189
-12.3255	0.437216
-7.1206	-1.32878
-7.12574	-0.661599
-5.29331	-1.09171
-4.11965	0.697725
-4.88136	4.20927
-6.17295	-8.10678
-8.32691	-11.7716
-11.4392	-10.445
-9.85364	-6.03225
-6.24042	-7.61069
-7.79268	-11.426
-3.60858	-3.45548
-5.54086	0.412149
-4.56257	2.24885
-11.084	1.28599
-14.2656	3.43404
-14.481	3.04889
-19.0173	3.46548
-10.18	5.41661
-7.12271	1.20194
-4.64426	-2.34636
-5.98001	-1.02822
-7.33333	-1.16357
-10.6341	-1.41759
-9.38299	1.98937
2.11124	-0.18222
-12.2414	-2.15381
-19.4009	-2.75472
-21.2908	-5.58713
-25.3513	-6.51555
-25.0742	-8.65876
-27.1176	-8.81417
-27.9374	-9.02215
-27.1559	-9.90503
-26.3929	-10.1666
-28.2781	-9.16019
-27.3155	-10.686
-22.5461	-15.2949
-18.9968	-15.5529
-14.9746	-12.7297
-13.997	-6.27569
-10.8076	1.7689
-13.2696	1.9119
-19.3218	-5.01108
-17.7161	-5.01939
-22.1369	-6.75394
-23.0423	-9.78598
-21.0436	-11.5632
-22.848	-8.9666
-27.1312	-14.4077
-27.3094	-13.8411
-28.5488	-9.88579
-28.4243	-9.13842
-22.2965	-7.53247
-18.0567	-5.53374
-16.105	-7.96346
-13.9119	-8.29031
-12.0588	0.893171
-17.3621	-0.0355166
-20.0046	-3.06308
-21.7577	-9.48747
-20.3896	-6.73253
-22.4018	-6.73809
-23.3615	-8.69769
-20.1891	-4.11031
-28.9494	-4.34681
-28.2751	-6.4271
-27.6365	-8.13323
-26.4215	-8.83511
-23.3664	-1.34138
-19.1411	7.66772
-19.1493	9.93987
-18.4727	9.0434
-20.3669	7.08182
-23.2898	0.176325
-25.5621	-6.70367
-28.0366	-13.4594
-29.9753	-11.4298
-29.9774	-9.44464
-30.272	-7.93357
-29.5569	-7.49352
-29.5205	-6.71156
-29.4669	-4.83397
-25.9513	-4.10447
-16.9852	3.154
-15.3414	-1.47533
-19.1509	-1.73851
-21.1338	0.251584
-25.4989	-4.0903
-22.7548	-5.66782
-21.394	-6.11195
-13.8642	-11.9516
-5.23151	-1.7869
-3.71238	-7.43735
-0.647926	-5.33084
1.75852	-5.97967
1.64764	-3.05873
1.54934	4.56112
0.127331	3.92486
-4.32184	4.30365
-2.98969	0.514153
-5.59867	0.432328
-7.69278	4.65634
-3.46655	4.7558
-4.63689	3.66832
-3.60709	3.28372
-3.81979	4.49196
-3.80882	4.75373
-7.37771	6.62358
-15.7437	0.0744084
-17.703	-1.326
-20.9495	-1.59928
-26.6264	-1.26928
-25.8283	-4.0348
-26.4199	-6.11515
-27.3186	-6.99738
-25.0604	-9.43757
-20.366	-9.01407
-15.2857	-1.12518
-11.0111	5.73279
-18.1758	3.0118
-19.9154	-3.66947
-17.3501	-4.55649
-19.504	-2.25654
-17.3344	-5.59739
-20.3142	-9.66418
-21.3503	-8.20098
-21.8179	1.05281
-21.4764	2.37977
-21.1158	-6.43528
-14.8114	-7.93507
-17.4309	-11.593
-17.4184	-11.1134
-12.8666	-5.4428
-10.9634	4.36661
-9.7246	6.94841
-11.6401	7.63847
-11.8287	7.36528
-12.5365	7.64313
-11.3197	7.00842
-11.3522	8.82677
-12.3912	7.85822
-11.9459	8.47999
-11.8768	8.29322
-11.0189	7.85383
-10.7224	9.04298
-12.6639	4.51305
-21.3793	-5.22698
-23.0182	-7.3381
-25.3354	-7.14927
-27.9757	-4.98701
-29.6222	-3.99959
-28.9693	-3.79732
-25.333	-8.12648
-23.0899	-8.52774
-20.3585	-9.28162
-14.3049	-4.52932
-16.4413	-3.29588
-19.7405	-2.44587
-20.6241	-5.06515
-20.7674	-8.59268
-19.7679	-10.7234
-20.9761	-10.6788
-21.6625	-8.7275
-20.5236	-10.9882
-16.8803	-13.9217
-11.488	-11.8994
-5.83375	-9.14914
-4.00421	-6.74838
-4.01355	-12.2155
-6.86051	-18.9046
-6.49154	-11.567
-10.3387	-12.2903
-15.128	-14.995
-12.5729	-19.3779
-12.2875	-13.963
-17.9252	-4.00198
-19.4281	-12.0993
-20.91	-19.1405
-22.366	-17.7026
-24.6519	-14.7641
-27.6647	-12.234
-27.0939	-13.5518
-24.5995	-14.1344
-12.2089	-8.40648
-6.58034	4.98067
-12.4699	5.77182
-12.7192	5.14911
-11.1986	-7.71687
-8.4968	-11.5224
-21.5189	-11.5475
-26.5514	-10.1472
-27.3319	-10.4932
-28.0868	-9.95537
-28.4294	-8.66563
-30.2224	-6.13646
-32.4738	-1.93929
-31.8901	-0.133559
-30.7718	0.672593
-29.6935	1.70866
-29.4193	2.34681
-28.8937	5.03267
-27.4181	6.45149
-23.1194	1.83741
-22.184	4.96931
-13.9284	3.06563
-18.8853	5.52358
-10.7326	4.69916
-15.3305	6.12579
-13.1733	1.04432
-13.1891	2.5297
-10.0885	1.84216
-7.59008	0.200848
-10.422	1.55577
-8.80157	0.845027
-5.58004	8.09293
-10.8606	8.70045
-13.1529	10.071
-12.6091	4.47585
-14.4917	5.30588
-27.0099	1.83228
-23.419	0.983833
-18.6616	5.40756
-19.4796	1.89052
-18.4578	0.892918
-18.7976	0.848194
-20.4397	-0.640026
-17.4672	-1.15043
-17.3191	0.576992
-19.1194	1.80511
-19.0195	1.13438
-19.6345	-3.77115
-20.9469	2.53574
-15.531	1.50517
-16.4586	-2.34208
-13.5803	2.84619
-15.4699	2.51987
-17.0692	5.25892
-18.0356	3.80979
-16.33	2.94498
-11.661	5.22375
-9.87518	-12.9233
-14.42	-14.7346
-15.2558	-12.3824
-13.4831	-10.7704
-13.1391	-9.95357
-13.7709	-4.25188
-9.481	-2.7773
-9.82671	-3.18786
-10.2392	-1.66042
-9.40919	-0.699376
-10.2	-0.214305
-9.78027	-0.630326
-10.7	-1.64022
-10.1555	-1.98662
-9.08803	-1.55365
-11.0243	-3.23075
-15.6246	-7.23977
-17.5978	-11.4462
-18.9226	-13.9185
-18.051	-15.1294
-16.8403	-12.1034
-9.35467	-11.3285
-0.719117	-3.70881
-0.972191	1.56394
-7.51355	-6.71226
-8.13624	-9.47948
-9.85054	-5.3487
-15.0165	-9.50839
-15.717	-11.7035
-15.8647	-9.36383
-15.2917	-9.36116
-17.3984	-6.57399
-19.3709	-2.31447
-29.1325	-5.71056
-29.6753	-9.09909
-29.7704	-5.80356
-27.3124	-5.63601
-23.6803	-6.76064
-19.4573	-7.07032
-13.0756	-9.63343
-6.00922	-10.5973
-2.0676	-13.1551
1.43885	-11.7834
-11.1028	-6.36393
-13.3063	-5.87361
-9.96471	-5.71444
-11.2109	-4.36452
-5.77395	-3.35762
-5.97888	-0.906668
-5.60993	1.95744
-2.54125	1.07688
-6.36722	1.4721
-13.4752	0.348248
-15.6803	-0.466277
-22.6058	-3.2774
-27.4143	-5.60087
-30.094	-6.14939
-29.8227	-4.84978
-27.0994	-5.56533
-26.9109	-7.32411
-26.194	-10.2278
-26.1546	-10.4819
-27.3197	-8.39847
-26.3671	-7.74516
-26.643	-6.82539
-25.6002	-4.58925
-22.1718	-3.99776
-18.4114	-3.54073
-18.3962	-1.17534
-15.9152	-0.783164
-17.0158	-0.323334
-24.8426	-11.5933
-27.5846	-21.6169
-24.4152	-13.1974
-19.6754	-7.09483
-20.0749	-0.391064
-17.6595	-4.90466
-12.7973	-7.25553
-18.061	-6.91161
-21.2003	-2.48614
-19.9026	-1.83953
-20.5411	-4.21235
-20.244	-6.74386
-19.4924	-7.42143
-18.3108	-9.01749
-17.964	-10.0262
-18.9844	-8.9355
-19.3683	-6.21658
-12.7831	-1.15995
-10.8162	3.32633
-10.0251	3.11198
-11.8071	6.04157
-13.0329	8.85048
-15.0741	9.98605
-13.768	3.77892
-18.0281	-6.32045
-27.8645	-1.35761
-26.816	-3.04359
-27.2742	-2.21596
-27.0233	-2.13584
-24.9197	-2.91942
-23.327	-2.80196
-12.3386	-3.26416
-5.86636	2.99394
-9.45043	-7.54384
-13.3221	-12.772
-11.3706	-13.5087
-8.73262	-8.15547
-7.91204	-8.68359
-7.75617	-7.42084
-3.58687	-6.54402
-7.97508	-8.34902
-11.947	-4.40935
-6.17106	4.69199
-12.4535	-1.39277
-17.9216	-2.80935
-21.426	-0.185129
-21.9412	-1.95338
-23.4095	-2.33995
-23.4018	-4.80333
-23.7093	-5.88216
-24.4838	-7.3897
-24.9397	-8.18804
-27.3484	-7.33323
-29.0813	-5.5706
-30.3765	-5.35951
-29.7146	-7.26904
-29.8191	-8.92228
-28.809	-12.1369
-26.7535	-13.1915
-24.8165	-10.353
-13.8606	-0.15221
-12.496	4.10875
-17.9158	1.91489
-20.2095	-6.08107
-15.7012	-8.96332
-17.1857	-5.26477
-21.0617	-8.71518
-19.1175	-10.2276
-20.2512	-6.18095
-17.4289	-4.50723
-16.6951	-7.63579
-16.4944	-5.01222
-12.1891	-4.48139
-7.84762	-3.4525
-4.09658	4.49515
0.791366	3.67168
3.98969	-1.26494
5.70628	2.32388
6.53918	8.25191
6.71252	1.66515
7.11306	4.65471
8.22385	-0.385675
7.59965	-0.790533
4.29072	-3.27666
4.79384	-3.91751
1.23959	-6.52986
-0.957067	-6.16907
-3.15762	-4.62562
-6.21931	-6.00154
-9.05863	-7.30381
-13.9179	-3.68244
-15.64	-3.24514
-15.7192	-2.25406
-14.0501	-1.68414
-14.8686	0.0611666
-11.7047	-0.420061
-13.4834	0.993895
-11.9401	3.03352
-10.1868	5.37556
-11.985	7.78217
-9.41788	13.2052
-13.5429	7.36681
-14.706	7.82363
-15.4605	3.95305
-18.9252	2.54602
-19.1122	1.51603
-17.8172	2.36775
-18.6241	1.10906
-17.7818	1.461
-16.8879	-1.74196
-15.4455	3.02515
-16.7837	1.57652
-16.5622	3.8665
-18.2293	0.3844
-17.8484	-0.50789
-19.9868	2.15847
-17.7717	2.39872
-18.123	2.12357
-17.0439	3.07576
-19.2887	1.7246
-18.0048	4.15797
-19.7544	2.12654
-18.7665	1.06044
-19.2677	1.42564
-16.7856	4.05059
-13.1611	-3.9488
-15.6052	-6.73099
-11.3692	-0.504987
-6.81316	6.39452
-9.23662	-0.261086
-15.2676	-6.42183
-10.2412	-4.39772
-7.7858	-5.50513
-5.09684	-3.78439
-2.29194	-4.61792
-0.133599	0.837626
-1.71705	-3.74324
-6.1882	-11.1069
-9.17557	-11.6465
-9.18394	-8.79515
-11.623	-10.7707
-10.2192	-6.53504
-6.86591	0.0556135
-10.6458	-4.14129
-11.9287	-5.6284
-14.1958	-7.12751
-14.2799	-5.47208
-13.7505	-5.36562
-14.4656	-1.1962
-12.9585	0.252532
-11.0558	0.218901
-9.88035	0.917874
-11.7569	-3.77572
-10.9011	-3.59251
-12.176	-3.41243
-11.1834	-4.34066
-11.2421	-2.70996
-8.80199	-5.68152
-7.8181	-5.15544
-8.30434	-2.386
-5.3984	-3.02463
-4.71414	-0.386731
-4.50492	1.1617
-2.24781	5.73741
-8.16203	8.10624
-12.0352	6.60942
-15.3658	3.00467
-18.2403	-1.72093
-20.4555	-4.89728
-22.7047	-7.977
-22.6413	-10.3035
-23.4137	-12.7646
-23.9499	-13.4026
-22.9305	-14.4853
-22.7565	-12.237
-20.2457	-10.1621
-16.2387	-6.04418
-11.8104	-0.154618
-14.2761	-0.207391
-16.7767	0.63107
-14.1599	-2.31666
-11.5637	-4.34301
-16.2276	-6.66961
-15.9989	-9.93121
-16.5803	-8.08771
-16.1233	-7.51159
-15.4753	-6.38557
-15.365	-6.38154
-15.7575	-4.43938
-14.9037	-2.88935
-14.8749	0.0925656
-13.2653	-2.05202
-11.1996	-3.19767
-8.82344	-5.50352
-9.28677	-4.01695
-7.53149	-2.74722
-6.41934	-2.75163
-5.27513	-0.268754
-9.89447	7.29033
-13.2714	5.06211
-18.6573	-0.981809
-14.0044	1.01019
-5.99568	0.92771
-13.1037	3.18828
-12.0101	-2.68843
-13.2535	-6.61213
-18.0092	-3.37265
-19.4985	-1.20272
-17.0655	1.01632
-10.6823	1.44279
-12.9955	3.42059
-14.6485	4.79249
-14.6512	6.16963
-15.1633	7.79935
-15.2931	7.49681
-15.5084	8.62948
-19.3306	7.64561
-25.7003	2.40313
-25.5558	-1.19328
-24.7062	-1.75216
-23.1668	-1.31098
-20.5066	-2.09724
-16.6598	-2.99707
-12.5358	-5.77352
-9.67455	-5.67288
-6.4014	-6.88374
-1.48392	-7.77956
-0.532206	-4.33832
3.26896	-4.48946
4.20878	-4.52781
3.68855	-5.73268
4.41338	-6.20624
3.90232	-7.68376
2.14102	-6.92881
0.603306	-6.82718
-1.37772	-7.23428
-7.25706	-6.1266
-13.1093	-4.41913
-16.9295	-4.64406
-19.4994	-3.75133
-22.4473	-2.6809
-24.4374	-1.62311
-27.2713	-2.26929
-24.1219	3.60551
-15.5303	8.37162
-13.1295	5.83989
-11.3408	3.32274
-10.3147	4.50463
-6.80845	3.07876
-6.27463	8.25742
-4.4675	2.57456
-2.59287	8.52921
-5.81184	6.31425
-9.18465	5.93237
-11.6309	5.57574
-15.9954	5.80591
-17.6116	1.8919
-18.9885	-1.57316
-19.9348	-0.53604
-14.3027	1.69608
-10.8433	2.75168
-28.5894	-9.70985
-30.0082	-12.7976
-30.7587	-8.94167
-32.5945	-6.84146
-29.9548	-8.66889
-29.8246	-7.99102
-29.7467	-5.74729
-27.3986	-5.35175
-15.6327	-1.83497
-24.8819	-5.65544
-26.8441	-7.85275
-21.24	-4.17105
-19.1865	-3.97159
-20.0611	-6.04411
-12.5644	-7.52538
-7.74933	-17.8956
-7.15536	-16.8856
-9.25469	-16.5065
-10.6537	-10.9077
-6.77873	-4.93516
-6.6255	-7.45804
-14.9643	-5.24859
-13.3542	-4.76153
-11.6215	1.75371
-15.137	3.18423
-19.1732	2.53245
-16.1584	0.670603
-16.896	4.09523
-12.2476	-4.35955
-12.9665	-14.0613
-12.4033	-17.8747
-12.4418	-16.0086
-10.8844	-14.0369
-7.10682	-13.7203
-1.73051	-7.80415
2.10217	-6.66187
-2.25898	-7.17279
-5.8315	-10.9435
-8.49126	-15.9892
-4.2026	-15.7921
-6.88442	-18.5682
-5.83295	-13.4684
-11.2149	-16.7114
-11.9176	-17.4764
-9.76513	-8.44102
-0.759445	1.53494
-2.37753	-0.150374
-1.63563	-3.36256
-2.57497	-3.61687
-1.92826	-4.37842
-2.3588	-2.64982
-7.39715	0.653012
-9.2764	2.03097
-11.0087	4.9346
-14.1419	7.36747
-7.46003	2.82423
-7.29348	4.45545
-7.31633	4.59364
-6.56243	0.974272
-6.85981	2.79495
-3.95001	4.50136
-3.90358	6.23612
-3.14292	8.24892
-9.66987	2.10111
-10.9383	2.61562
-18.5826	7.04953
-17.6202	4.56738
-18.0617	3.93729
-16.6933	1.48691
-13.196	0.0779579
-10.1423	-0.81068
-8.38378	-3.56814
-14.0899	-8.00199
-20.6682	-4.37634
-26.5747	-9.13716
-17.4675	-7.79289
-22.0427	-9.58589
-20.211	-4.83235
-19.1073	-3.59488
-17.6996	-1.84551
-18.999	-6.6793
-15.3065	-8.39459
-16.2654	-7.32947
-12.6696	-0.994212
-11.8814	0.822431
-9.6306	4.54499
-7.57139	-2.26924
-14.0666	-8.8917
-10.1751	-9.62125
-11.907	-11.7439
-7.10919	-6.06464
-3.64767	-13.7778
-6.41606	-14.2314
-10.0209	-14.4314
-5.95373	-14.8198
-5.74115	-14.7023
-8.08198	-18.6663
-11.1687	-16.6342
-9.87765	-17.6286
-9.50799	-18.5152
-9.47331	-13.0199
-15.029	-15.7818
-10.8366	-12.6538
-12.9659	-3.67092
-17.1178	-5.88855
-17.475	0.274062
-15.8111	3.43147
-14.8083	2.71357
-16.4905	-0.100646
-17.534	2.68617
-16.1357	3.87938
-12.8142	4.78999
-16.1412	1.02174
-18.5036	-0.594286
-15.8756	1.82124
-16.6877	2.52013
-17.8696	1.78518
-21.0194	5.76879
-20.6205	2.53501
-22.3186	1.15038
-18.619	2.18831
-21.3712	4.47008
-19.9648	2.69551
-18.9228	5.26775
-21.2762	7.6355
-19.9647	-0.0990506
-20.9577	3.70596
-22.337	-1.54615
-17.9927	1.57177
-18.9721	4.87239
-18.9397	-3.66993
-21.4755	5.76348
-21.2017	0.300107
-21.4447	-13.71
-17.5656	-4.21902
-12.1117	-11.3536
-11.5691	-10.7441
-15.6154	-6.02341
-16.0553	-3.83658
-11.7203	3.53304
7.3815	-17.1789
8.81643	-16.0021
7.2239	-13.8671
9.37756	-16.2272
6.82142	-10.7485
6.95147	-12.3412
8.04162	-11.3832
8.86019	-7.52238
10.2002	-3.85032
9.46027	-7.59957
-0.198093	6.16981
-5.85853	4.19467
-13.4509	3.5634
-12.6436	3.52959
-11.3441	5.47709
-13.0984	1.17183
-13.6588	-10.181
-8.72158	-10.7995
3.45156	-8.10825
0.935058	-6.58633
-5.44339	-6.80874
-8.31675	-7.808
-12.2725	-7.54511
-15.3411	-6.81787
-16.5214	-3.71278
-16.5666	-3.75256
-15.5215	-3.48879
-12.7775	-5.95635
-9.09489	-6.86769
-5.27114	-11.2302
-1.79971	-16.9476
-2.51344	-17.5172
-8.08957	-8.02026
-12.0157	-2.18374
-12.218	-4.07952
-9.02332	-6.42697
-9.90051	-4.60983
-5.53318	-7.4213
-0.877144	-7.35508
-0.370447	-10.2908
-6.60786	-7.88565
-12.1993	-5.6918
-13.9238	-0.491401
-13.8589	0.837845
-18.1757	-1.39951
-19.6184	-5.52438
-21.1142	-7.40302
-21.3719	-8.56535
-19.1546	-11.8738
-17.6015	-11.2184
-15.3068	-6.12102
-11.5787	-2.23462
-6.44085	-2.98608
-7.28054	-2.14886
-13.9099	-4.771
-16.315	-9.73039
-13.4475	-6.77304
-16.0614	-8.84736
-17.5772	-8.24987
-18.334	-4.63236
-17.6147	2.10268
-25.4632	-3.9124
-25.9322	-9.58492
-27.6234	-11.3894
-30.6903	-7.69703
-30.4304	-6.37684
-29.5283	-4.63378
-25.5742	-4.81614
-17.7805	0.423062
-11.8898	-0.81905
-9.93604	3.54822
-9.21471	2.01992
-8.75654	1.61304
-12.6909	4.98892
-14.1348	6.54247
-15.1029	6.51099
-13.9656	6.25458
-16.7008	10.6023
-16.9663	11.6549
-17.0732	9.77938
-15.4908	3.71922
-17.7844	-0.266353
-14.7873	-0.133261
-11.7705	-1.16026
-9.20377	-3.42583
-7.25989	-3.70867
-9.3634	1.07404
-10.9169	-0.0169043
-10.7184	1.47957
-9.26756	-1.00041
-9.24567	-0.873814
-6.19828	-3.16044
-2.54638	-2.26392
0.662061	-7.40569
3.05486	-5.72252
0.823	-6.06005
-1.10333	-3.88899
-8.42756	0.0315164
-8.2507	0.244378
-5.76649	5.82195
-4.10928	-1.96096
-18.939	-5.35921
-20.8918	-9.63442
-24.2761	-11.36
-26.3022	-9.97291
-25.7782	-9.78703
-25.1247	-8.26895
-23.2166	-10.2821
-22.8908	-10.8625
-23.0413	-9.93377
-24.9974	-9.21979
-26.8449	-8.36447
-27.5354	-6.83612
-27.9579	-7.44573
-29.4797	-6.64255
-31.9166	-3.55936
-30.6177	-2.43374
-23.52	-7.95013
-12.3511	-12.6033
-3.59397	-11.9205
0.445253	-6.68206
-4.18301	-9.55478
-8.43282	-15.6883
-10.3795	-16.24
-14.7142	-7.00259
-11.7627	-4.31601
-9.93481	-2.20661
-10.7319	-3.34567
-18.0684	-4.25135
-21.0032	2.06791
-21.9198	-7.94381
-25.8365	-10.5095
-31.516	-5.20305
-29.3122	-6.68952
-25.5529	-3.39542
-19.7499	7.52867
-20.6137	8.93738
-19.8845	8.30028
-18.7919	8.85133
-16.2511	10.6283
-14.0677	8.51832
-10.5881	4.12185
-7.85237	2.19397
-7.2438	3.69842
-7.0489	5.89495
-9.73296	8.02513
-16.2142	2.63667
-16.2395	-3.20602
-20.0363	-6.38493
-18.1742	-11.3225
-13.6355	-6.98222
-12.8629	3.23022
-13.7743	-4.53647
-5.83522	-1.63423
-13.9873	-4.34284
-14.0219	-5.70004
-16.9392	-6.03909
-18.5366	-3.08133
-19.0822	-1.43454
-19.2121	-0.559542
-17.4498	-0.168401
-16.5528	-1.19042
-16.9791	-0.288815
-17.1198	0.31323
-16.5902	-0.237784
-17.3089	1.90684
-16.6438	6.06665
-11.3828	3.36749
-9.78796	1.7965
-12.8571	5.09876
-10.8229	2.88382
-12.6922	5.43957
-12.4834	4.58277
-10.5486	0.240585
-4.10214	-5.58029
1.78542	-10.8822
2.4835	-12.6099
1.52609	-9.01022
0.997014	-8.31313
1.4525	-10.9786
2.67178	-8.80803
-1.16736	-4.14292
-2.8517	-3.45268
-2.57688	-4.925
-2.58672	-7.83804
-4.86289	-11.732
-4.87696	-12.1667
-5.6451	-17.4449
-6.35404	-13.9124
-6.2987	-8.09797
-6.76274	-9.99689
-9.16702	-6.68887
-8.03088	-2.3406
-6.11307	-8.70362
-9.03611	-10.1183
-9.32503	-13.9931
-7.45024	-9.94365
-8.38452	-3.73017
-7.69682	-5.20634
-7.719	0.710112
-11.8692	-3.85454
-15.6119	0.604876
-15.785	-8.06163
-16.2476	-1.53586
-16.7169	-3.25394
-16.9693	3.52637
-17.3652	1.75295
-19.4846	0.210853
-13.854	0.515692
-12.0562	0.209168
-17.2438	3.1447
-19.7498	2.44884
-16.3621	-1.5652
-16.7789	1.72147
-16.139	-2.75244
-19.4528	0.645259
-18.1952	2.22159
-19.9846	-0.656334
-22.4704	4.07663
-19.8188	4.83628
-18.3974	5.71728
-14.7967	1.08885
-13.2563	-4.69484
-12.6518	-5.28021
-11.6721	-9.58116
-11.1461	-4.52617
-11.0287	-8.76864
-14.5597	-13.1906
-10.5661	-11.5341
-4.46566	-4.22031
1.08713	0.537404
0.119441	1.35231
-1.81414	2.23911
0.284728	1.16502
2.85838	1.99321
1.04702	3.22497
5.22848	2.36986
4.00789	-0.296609
3.95852	-2.91349
-1.2673	-3.87501
-4.43752	-4.95992
-8.82733	-11.1428
-9.22155	-10.1809
-9.86604	-11.4969
-14.3517	-13.7119
-15.098	-5.13431
-19.942	-3.31018
-16.3053	-8.49762
-12.7633	2.63506
-19.2635	-3.54436
-25.8856	-2.86495
-28.1906	-2.53757
-28.6502	-2.34379
-27.9479	-4.51139
-29.4915	-4.48926
-28.5985	-4.10372
-28.7871	-3.66285
-30.103	-2.17973
-29.5599	-1.45759
-29.1273	-0.879542
-29.0643	-0.609071
-26.9738	0.442105
-26.1861	-1.13186
-23.3234	-1.41367
-20.5063	-2.79663
-18.0872	-2.84354
-17.1717	0.120182
-17.3069	-0.44485
-15.2761	-1.99402
-13.7609	-5.48096
-14.6738	-2.38892
-16.4028	-4.17814
-14.5084	-5.27747
-13.5462	-6.06418
-10.6668	-4.78951
-10.2329	-0.425938
-9.41511	3.92113
-12.7773	-14.0626
-9.5862	-11.1499
-0.633475	-10.1455
-5.47566	-13.2612
-6.28954	-19.1318
-7.53642	-15.2339
-9.77491	-16.4452
-7.26819	-12.9592
-12.6413	-5.5581
-13.5185	-4.1577
-14.32	-4.98185
-15.4538	-4.24197
-16.7162	1.48169
-19.366	-3.08664
-15.9063	1.44202
-15.9003	2.11089
-17.5089	7.32803
-17.9463	3.34114
-16.8793	2.58033
-21.4466	-2.68699
-14.9907	5.27324
-14.0776	5.25522
-16.3738	-10.4258
-17.8391	-10.7613
-16.8661	-9.7319
-16.4794	-10.2369
-16.1395	-8.94623
-17.5248	-3.62387
-15.4256	4.48395
-13.5493	3.7008
-13.7057	5.06422
-14.1608	4.64616
-13.8146	4.5197
-13.1921	4.78551
-12.7288	7.77403
-12.4263	8.31866
-14.4773	8.72213
-14.2324	10.8063
-14.278	7.78341
-16.421	10.2146
-16.1437	11.8825
-15.322	9.16459
-19.6195	2.0483
-19.189	-1.39313
-16.6335	-2.15629
-15.7303	-2.65395
-15.1502	-4.15263
-15.2535	-3.94663
-14.6066	-4.59084
-14.6159	-4.84179
-15.1858	-4.59298
-15.9097	-4.94517
-16.766	-5.02219
-18.445	-4.70773
-19.455	-3.93418
-21.7289	-1.99937
-17.8855	-4.27429
-15.401	-7.54069
-12.6793	-5.83633
-10.5808	-4.17691
-8.11096	-1.46133
-11.2433	-7.76115
-11.0242	-11.2676
-7.03917	-3.55198
-12.5143	-10.5165
-10.6167	-3.26226
-12.4582	-8.48026
-16.7042	-11.3746
-15.5662	-9.98142
-14.3369	-7.3124
-10.6782	-9.95489
-12.9424	-12.8783
-19.2209	0.31655
-19.1311	4.33435
-19.2315	-1.89151
-19.0428	0.290964
-16.3341	-0.429809
-18.3752	-2.07009
-17.5751	-1.24118
-21.5358	-0.160649
-17.8615	3.14702
-10.9261	1.21795
-6.67409	4.32397
-9.74879	7.4419
-5.31344	7.27766
-2.85064	-1.41063
-11.7767	0.66495
-15.5189	-0.982805
-14.2276	-8.09745
-11.3839	-11.4938
-13.3884	-11.3528
-16.373	-8.46845
-13.5844	-8.1011
-12.86	-11.6924
-12.7694	-13.2935
-9.94333	-16.8969
-11.2466	-14.6764
-10.4426	-12.6644
-10.8106	-6.05431
-6.91477	-2.62551
-3.98283	-1.49842
-1.99887	-2.93808
0.76578	-2.94077
0.382143	0.103886
1.6571	4.47375
-2.51991	3.59442
-5.54275	2.79753
-7.40528	1.72588
-3.26581	4.13808
-5.39827	5.95753
-6.69274	5.59358
-8.1763	3.83436
-5.17824	5.26383
-5.93454	2.07556
-8.11969	2.48776
-13.8122	-2.75198
-11.8312	-5.32179
-1.78155	-0.657805
4.42244	-1.61568
4.35454	-2.48595
4.84766	-3.7911
6.86713	-5.77542
6.78644	-5.43935
6.32375	-4.01577
6.70756	-4.09207
7.00477	-5.58437
7.44243	-5.47703
5.84199	-5.93549
4.58454	-4.83893
1.35383	-5.25016
-1.50024	-6.08238
-4.56908	-6.24198
-7.78865	-5.52803
-12.1498	-5.5413
-13.5849	-5.97277
-17.0083	-5.05831
-18.9527	-4.67108
-22.4698	-1.94423
-19.5651	-6.51295
-20.7383	-3.80132
-20.4951	-2.45949
-21.3011	1.76223
-18.9821	-0.390184
-14.1804	1.69617
-13.9396	4.34046
-10.1279	-4.95757
-13.4135	-6.70143
-12.8958	-6.61953
-16.4324	-3.08225
-13.6144	-2.05344
-13.3244	-3.50379
-12.5696	-6.95387
-11.4415	-4.04436
-11.6827	-6.33276
-14.3974	-9.082
-11.9087	-10.594
-11.7746	-13.351
-9.06566	-5.98268
-11.5875	-5.08829
-12.5588	-6.12351
-14.3476	-3.03916
-18.267	-4.41006
-16.886	-2.86212
-14.6586	-0.492145
-17.2658	-0.00436175
-18.7545	2.22232
-16.8361	-0.0479181
-18.8022	-1.90071
-16.0075	-0.459438
-16.392	1.20424
-17.2587	1.28916
-17.5893	6.92189
-17.2266	3.42705
-12.6991	-0.233503
-16.0263	-1.08966
-16.201	-1.82461
-12.0959	-1.44907
-14.3716	-5.77079
-13.7839	-0.80031
-6.2728	1.76526
-10.1891	-1.0033
-12.5187	-1.35106
-10.2696	-3.76357
-9.46148	-3.15038
-8.17077	-3.5372
-6.754	-4.63351
-6.57276	-6.03978
-6.89759	-8.74304
-8.14304	-10.2693
-9.99866	-10.2892
-12.2115	-9.55889
-13.4055	-8.5989
-15.7175	-6.56784
-16.9056	-4.48696
-18.8204	-3.39093
-19.5289	-3.95337
-20.011	-3.01169
-20.6729	-1.75175
-18.9671	-4.5499
-19.023	-3.43692
-17.7114	-4.60904
-17.0312	-5.23585
-15.6821	-5.52751
-15.2955	-3.69614
-18.5558	-2.3738
-22.9238	-0.39641
-24.9177	-0.820697
-26.3508	-0.68873
-23.5204	-0.804769
-25.3446	-1.32068
-27.5118	-2.35538
-27.0787	-2.46641
-27.7868	-2.91527
-27.4147	-2.95614
-27.7613	-3.07283
-28.9874	-1.38884
-29.0338	0.0973062
-20.2849	5.30901
-16.0082	0.845383
-14.7161	-1.95536
-13.1699	-2.32815
-11.024	-4.60511
-9.59613	-4.46604
-9.14454	1.71679
-5.61588	-1.99511
-13.0352	-9.48294
-9.30303	-6.05626
-11.1015	-8.92422
-11.3391	-9.73649
-8.87265	-10.7652
-13.4865	-10.5604
-14.9642	-12.496
-17.7976	1.1965
-17.1399	1.50582
-18.8257	-3.9382
-27.8894	-7.60119
-29.8478	-8.75482
-28.6788	-8.0452
-30.3442	-8.76458
-29.3449	-8.60573
-29.0978	-10.4707
-28.284	-10.4375
-27.5956	-12.1579
-26.5763	-13.5414
-24.0866	-11.5308
-19.5149	-5.57444
-17.2258	1.17204
-19.6703	-1.36319
-23.4148	-6.0225
-23.1192	-8.58583
-20.3689	-7.20423
-13.1235	-2.93009
-23.0119	-13.3032
-26.0941	-15.4048
-27.5133	-13.4908
-30.8788	-12.6023
-28.3333	-13.3101
-28.8797	-12.2066
-29.3795	-10.7817
-23.292	-6.09866
-15.9398	-0.0147572
-12.502	-1.6022
-14.253	-2.42873
-13.3897	-0.00509965
-7.02877	-7.075
-5.45215	-2.13456
-0.230415	-6.29084
3.80568	-9.74754
0.00576762	-9.92994
-1.79528	-9.71122
-7.36513	-4.98776
-13.6268	-2.75313
-16.5773	-3.9383
-16.9201	-5.95274
-17.1558	-7.82823
-18.265	-4.29579
-19.6858	1.55686
-15.8122	3.6365
-18.0614	-0.20455
-20.6053	-1.77353
-22.7776	-4.77683
-24.0585	-8.45647
-24.9032	-9.69085
-29.2502	-6.50059
-28.1275	-7.95157
-28.2587	-6.96306
-24.2495	-5.48243
-11.5275	2.73032
-11.0481	2.86821
-10.7366	1.68054
-9.21087	2.93314
-4.67699	-1.92826
-4.99195	-0.736027
-8.66533	2.35431
-11.5291	4.04885
-14.8777	-7.21601
-20.0323	-11.4968
-21.2065	-9.0492
-18.3298	-3.57548
-15.9222	-10.1159
-19.8856	-11.7346
-21.9138	-12.9722
-21.5671	-13.2317
-21.1143	-13.4532
-18.7228	-12.9867
-13.3724	-7.5728
-6.25474	5.22416
-12.4656	3.99275
-15.6364	1.80931
-19.5674	-4.32022
-18.3417	-7.15246
-23.2938	-7.65016
-17.8953	-3.98076
-13.401	-2.14184
-21.6629	-12.5138
-27.3653	-12.9814
-28.6558	-11.6514
-28.0771	-12.8791
-25.8757	-12.2174
-25.6628	-8.75348
-24.1715	-7.48653
-23.2324	-7.30425
-22.4261	-6.00199
-21.4946	-2.38631
-18.8446	-2.6897
-16.689	1.57878
-15.4647	2.3122
-12.0927	1.30882
-10.3964	4.03146
-6.39606	2.59839
-7.55885	3.80883
-4.8457	-3.95803
-4.00547	-12.3498
-0.331617	-2.44941
-2.38644	-0.516112
-4.11092	-0.543535
4.67231	-4.21988
6.02412	-3.43932
6.94406	-2.17167
5.28182	-2.0819
5.91088	-4.90331
4.86066	-3.77588
5.289	-4.62901
3.26922	-3.53715
2.06544	-3.53201
0.795078	-4.32544
-2.43535	-6.63097
-7.77905	-4.79369
-6.1014	-5.45724
-11.5032	-4.47094
-17.5311	-6.37783
-21.0566	-3.48655
-21.3285	-2.94513
-22.5028	-0.965942
-23.4791	-1.32363
-24.9989	-1.64422
-27.3502	-2.66659
-23.5354	2.87375
-23.3188	-0.294721
-25.6912	-1.75595
-23.48	-6.52864
-28.1061	-2.56458
-25.2932	-3.92885
-21.0657	0.120947
-21.6399	0.999016
-18.0759	3.13031
-20.3098	0.441414
-19.7182	4.41429
-21.4959	0.283199
-19.7681	-1.94895
-18.0997	-2.25731
-19.8659	3.4582
-18.7462	1.94887
-20.883	-0.697984
-17.5326	-0.423173
-14.236	3.68169
-18.0873	3.48277
-19.7828	-1.38557
-20.8181	0.130237
-16.0296	3.5802
-15.6876	-6.27986
-15.7278	-1.27377
-18.3398	-0.0466306
-18.1853	2.85951
-16.1852	0.267125
-19.2271	3.12529
-16.705	0.217702
-11.3985	-3.33673
-10.4851	-9.51725
-17.4991	-6.47203
-18.1267	-4.06585
-20.5037	-2.01717
-14.9093	-8.73929
-24.0625	-10.5085
-29.689	-7.40959
-28.8317	-10.0355
-28.2305	-11.0945
-27.9692	-11.6863
-27.0494	-10.4308
-21.7805	-10.504
-15.8108	-7.32185
-3.76771	-8.00628
-6.91892	-4.97547
-10.3082	-17.0266
-10.6944	-11.473
-15.1008	-12.8767
-17.3156	-13.2237
-15.3157	-11.5599
-14.5218	-8.81526
-17.9052	-9.61647
-23.1499	-10.4425
-26.1504	-12.0615
-26.8757	-13.1309
-28.8953	-9.64663
-31.9393	-6.94211
-30.6849	-4.35697
-24.0841	-5.79765
-21.3228	-6.63908
-19.9267	-8.81752
-21.2599	-10.7993
-21.0849	-11.8667
-18.8221	-11.7641
-10.4208	1.18401
-10.5701	-1.69185
-14.4667	-3.54924
-16.5918	-1.49283
-14.2146	-3.79668
-8.49014	-0.149717
-16.809	-0.367167
-22.1533	-5.42939
-24.4874	-8.23668
-25.6999	-7.77948
-24.2156	-7.0564
-24.4225	-4.63944
-24.0955	-4.52964
-26.2291	-2.46787
-27.1229	-4.13332
-27.6174	-5.58868
-25.0921	-9.20944
-28.8214	-6.16389
-30.7847	-6.34892
-30.8745	-6.68618
-31.1271	-6.28637
-33.8098	-1.5909
-28.5366	-4.49251
-26.1803	-5.08689
-23.5688	-4.75108
-19.5675	-4.00224
-10.5495	-6.87083
-2.35902	-6.61242
-4.0776	-1.1962
-4.76081	-6.56246
-7.45408	-5.80821
-13.9755	-5.92455
-17.2398	-5.83689
-14.2285	-4.75934
-11.2308	1.26972
-13.2275	-6.54278
-17.4296	-10.0518
-15.2436	-12.8712
-16.8967	-12.1616
-20.8069	-7.34066
-20.5505	-3.61373
-13.5433	-7.77959
-7.83739	-7.41412
-9.80724	-10.0062
-7.38679	-9.25797
-8.26742	2.07636
-14.402	3.52165
-11.899	2.58649
-10.0161	2.61971
-16.4554	-0.500848
-20.2695	1.88613
-19.3094	-2.20419
-22.5743	-12.0715
-17.6945	-0.392914
-14.4419	-4.68273
-21.0341	-1.01237
-20.4597	-3.14743
-20.5364	-2.18473
-20.0462	-2.33654
-18.67	-1.08116
-15.224	-0.869547
-11.7638	-1.86379
-7.28368	1.03109
-4.71574	0.89282
-3.02548	7.78073
-2.40802	5.77928
-10.0848	-1.41342
-15.121	-5.33161
-15.7348	-4.07582
-7.99221	-7.14066
-8.16576	-5.90882
-3.90223	-4.60038
-8.94911	-7.34491
-14.9546	-2.16108
-16.523	-8.27119
-17.268	-9.00883
-19.7459	-10.907
-22.9428	-8.87762
-24.6826	-9.38442
-25.1225	-10.496
-26.2614	-10.7865
-23.4843	-11.0528
-21.3926	-11.4536
-11.9081	-1.08699
-8.87875	5.99619
-11.6562	-1.53021
-18.9302	-3.43092
-19.213	-4.09873
-16.601	-6.84186
-24.7725	-8.03014
-23.7931	-7.08309
-10.9021	-1.71484
-12.8696	-6.19203
-18.9756	4.37754
-18.1861	11.9156
-7.03315	3.11236
-17.6577	8.51277
-19.5741	0.898861
-20.6722	-1.3969
-18.459	-3.96205
-19.8011	-0.830466
-19.0932	-0.622433
-18.5315	0.943752
-20.3616	2.8737
-19.1133	3.05659
-19.2158	4.47053
-19.327	3.51216
-20.2761	5.55704
-15.8816	8.02682
-15.3246	8.21142
-14.8558	4.62075
-14.1796	4.86941
-16.5088	4.51988
-17.3312	4.04175
-13.9358	4.24618
-6.61084	-0.115337
-1.02136	-7.19831
0.14859	-8.88091
-0.21078	-10.553
-0.278468	-14.805
-1.51511	-8.78959
1.27681	-8.80008
1.63089	-6.05811
0.538978	-5.83585
-2.57432	-2.0395
-3.00534	3.77856
-3.85945	-3.2788
-3.72194	-3.88447
-6.91986	-12.1147
-6.76969	-11.6535
-6.775	-11.219
-7.59653	-16.605
-5.19831	-19.4549
-7.47473	-10.6618
-9.31863	-12.1213
-10.2989	-13.3538
-11.5978	-15.4961
-8.6136	-11.1657
-5.80201	-8.57507
-5.46174	-8.61364
-9.67274	-12.2869
-11.7946	-10.9353
-12.701	-10.1031
-12.0367	-7.8235
-11.8703	-7.44097
-17.4681	-5.64627
-19.5018	-3.25253
-14.4059	-0.169451
-18.3126	2.46059
-19.4961	-5.13037
-19.2111	-0.78547
-19.0399	0.190468
-19.4271	4.54223
-19.8309	-5.38069
-26.7603	-2.78576
-26.6056	0.690217
-22.7963	4.68362
-16.9878	4.98607
-15.7876	6.51779
-14.5972	6.53121
-12.6292	3.5712
-10.8049	0.391548
-10.0877	-2.61628
-9.62528	-1.82309
-21.4503	0.0976577
-16.0415	-0.581966
-29.8634	-8.11956
-22.3179	-13.5707
-20.4639	-15.7583
-28.1696	-11.1634
-30.7912	-7.92634
-31.0429	-7.57609
-29.6524	-10.864
-31.8488	-6.38759
-29.0955	-7.02532
-26.9135	-7.00075
-25.3123	-3.80792
-18.7232	0.57453
-13.4171	7.02651
-13.1823	7.81326
-12.1981	6.4762
-13.5187	7.12566
-19.9823	0.27258
-23.9082	-4.44766
-25.0546	-10.2169
-26.4863	-9.84946
-24.8289	-12.5259
-24.3734	-14.2095
-22.5711	-15.8182
-21.5072	-18.1756
-20.8895	-20.3915
-19.8215	-21.9321
-18.4258	-22.6087
-18.1491	-22.776
-17.6858	-22.7143
-17.2775	-22.8096
-18.3164	-21.8375
-18.7122	-18.8746
-17.5404	-18.0578
-18.687	-15.4426
-19.1482	-16.3615
-20.7481	-15.8844
-22.9316	-16.148
-24.2062	-16.7912
-27.2737	-16.9563
-27.9291	-14.5716
-29.8414	-14.0232
-29.5366	-11.97
-29.0555	-10.9683
-28.4202	-10.4291
-28.3024	-3.96031
-16.9753	2.64387
-15.4	5.49512
-12.8838	7.17682
-13.1809	5.75126
-11.6157	4.73841
-11.9125	4.00405
-9.33721	2.35985
-8.78585	1.80263
-6.97886	0.3814
-6.59738	0.640716
-8.28936	4.53013
-15.7626	1.03853
-15.5002	-5.474
-22.387	-3.19405
-21.927	-9.51144
-8.49324	-12.095
2.31537	-8.76515
3.17088	-14.1253
-16.4244	-11.6447
-25.1327	-8.4229
-27.5902	-7.56345
-27.5132	-8.96576
-30.6985	-6.73773
-31.6757	-4.36038
-30.2829	-5.66334
-27.4143	-2.54922
-19.0268	5.44737
-17.395	6.39048
-17.1117	8.52242
-17.4958	8.84484
-24.4311	5.74677
-30.0651	-5.72057
-33.1141	-0.562128
-31.8425	1.28982
-27.1511	-1.56485
-23.3986	-2.05823
-19.3426	-0.464169
-13.235	-0.802925
-11.3065	-1.50058
-11.9812	0.0299685
-10.34	3.26506
-12.5125	3.21135
-18.6816	-0.153882
-20.7483	-3.29988
-10.4575	0.996731
-10.3001	0.984394
-14.5597	-1.99916
-18.1336	-2.51168
-20.1956	3.84167
-19.8371	7.51106
-10.2566	5.84205
-6.8936	3.72923
-8.24197	6.39559
-6.82062	7.40636
-6.65736	2.94166
-4.53144	1.52503
-6.46551	-0.641279
-4.52829	1.447
-5.27584	4.05311
-1.66963	0.294156
-1.10171	3.51159
-5.64526	-5.05421
-7.97443	-10.4569
7.60543	-6.28327
7.32024	-4.31658
2.48008	4.41489
-9.53799	2.97675
-15.906	3.36695
-20.2176	1.14974
-22.4879	-1.42762
-18.2205	-8.45592
-19.1502	-11.6356
-16.0394	-8.98497
-21.4411	-14.6944
-18.1468	-8.30798
-19.2607	-14.2138
-15.6573	-13.4162
-21.1831	-15.7291
-16.2609	-11.2102
-13.5042	-8.49871
-12.1472	-4.16702
-11.1939	0.436804
-12.3452	0.211597
-15.3962	-5.30323
-19.462	-3.5302
-17.8416	-1.92535
-16.9009	0.229644
-18.8966	1.81282
-19.9386	2.3253
-19.2309	0.314757
-20.2857	-0.828337
-28.7847	-12.4374
-27.0957	-9.57458
-21.885	-8.88727
-20.4404	-5.71582
-19.0512	-6.81574
-18.9471	-1.11978
-19.1917	1.39988
-19.7856	0.398576
-19.8997	1.45741
-20.1145	1.50866
-21.2603	-0.68115
-18.6011	-4.02811
-17.1061	3.78429
-13.2478	3.3483
-20.2508	1.33058
-19.7025	-1.21343
-17.4249	2.76143
-18.7492	2.22568
-17.4084	2.52971
-16.2719	3.53393
-19.2635	4.19101
-17.7726	-0.419959
-18.3388	0.854602
-14.7929	-1.82244
-12.7465	2.13371
-16.426	-2.33892
-19.4097	-1.1834
-26.9475	0.0274055
-29.5195	-0.579898
-30.6559	-2.65884
-31.0084	-4.96832
-29.5158	-8.66976
-28.4278	-10.6178
-26.8005	-12.9883
-23.7863	-16.6117
-21.9804	-18.5315
-19.2861	-18.8486
-17.5366	-15.7817
-14.4802	-17.0789
-13.8301	-14.5936
-13.3763	-14.7027
-12.826	-11.2363
-10.5914	-10.4301
-9.29099	-8.98516
-9.42688	-8.68233
-9.67692	-5.14562
-9.56453	-2.44185
-9.64821	0.230432
-8.45693	1.38752
-5.6314	0.00448563
-2.75525	-2.3604
-0.646941	-3.89392
-0.265467	-5.77361
-0.140396	-6.2653
-2.25104	-6.13506
-4.24538	-4.73416
-7.5221	-2.64203
-12.0437	-0.18237
-16.2752	4.17441
-18.9598	7.7736
-16.2494	7.68462
-15.1856	4.92272
-13.8207	0.190735
-18.3139	0.27372
-12.0331	1.60292
-11.7677	0.973821
-9.83622	-3.25517
-10.9987	-0.271346
-14.0841	2.65597
-14.8595	1.92264
-20.9518	-1.14242
-28.3687	-5.23674
-28.4904	-5.54068
-28.5193	-6.36558
-29.0593	-6.33334
-27.5649	-7.23109
-27.7277	-7.01954
-25.4499	-7.48848
-24.295	-7.25536
-23.8128	-8.16327
-22.4756	-9.05725
-20.1218	-10.0394
-15.4696	-12.1966
-9.22828	-9.47017
-5.5389	-4.84476
1.03493	-5.88857
-2.62246	-10.2468
-4.86407	-16.8117
-0.537896	-13.4074
-4.51339	-13.3543
-11.8726	-12.7819
-12.1702	-13.0177
-7.0999	-8.76251
-14.7157	-9.75107
-15.8677	-5.1819
-14.0965	-5.98355
-17.6744	-3.80736
-14.5639	-1.13526
-15.0488	1.29509
-14.4081	2.66076
-12.6255	1.53325
-13.1944	2.80396
-13.35	3.49082
-10.6499	4.77157
-8.04776	-0.124879
-5.07193	4.49617
-9.49463	2.31568
-12.978	1.13475
-15.2552	-3.08144
-8.76796	2.05787
-26.4839	-8.81916
-23.3991	-18.2452
-24.5082	-17.6084
-23.6132	-16.7228
-21.8919	-15.1081
-15.6921	-13.2358
-9.13228	-13.7739
-6.04589	-10.4818
-7.98832	-11.8858
-13.2181	-13.952
-17.605	-14.9522
-17.0613	-9.78222
-15.315	-2.51191
-15.6148	3.37885
-16.7573	1.42714
-21.1192	-4.88132
-27.5575	-4.15201
-26.455	-7.32804
-25.8396	-3.53613
-20.5171	-1.97151
-15.3124	4.11022
-10.0206	6.54878
-11.4717	3.64407
-11.6488	2.78474
-13.4796	-1.54777
-20.7038	-1.03924
-19.6094	0.498537
-19.5522	-7.73732
-21.2199	-7.13126
-16.6498	6.43615
-14.3765	-1.30482
-16.1301	-2.40215
-19.0181	0.087099
-18.5968	-1.91265
-18.2977	1.58119
-15.8634	6.38969
-16.7281	6.3387
-16.0196	2.68974
-15.7908	1.39771
-14.7722	2.11353
-14.9454	2.4221
-14.17	0.436749
-13.546	-0.229969
-9.23861	-5.79171
-4.732	-8.68929
-0.177933	-8.38253
-1.14342	-4.2511
-6.10076	-9.03578
-2.70976	1.54684
-7.31964	-4.05486
-12.2558	-2.14221
-13.3492	-2.13606
-9.87482	4.05037
-4.90951	-3.52214
-14.434	-2.6109
-17.4991	-3.61507
-22.001	-4.10032
-23.4531	-6.13977
-24.2481	-7.82611
-24.8421	-10.2275
-24.9147	-11.7141
-22.1272	-12.9753
-20.4857	-11.2271
-10.6	-10.4103
-3.78351	-3.38947
-6.40327	-0.569749
-6.07364	-2.1846
-6.02993	-9.94614
-5.67743	-10.4732
-5.66539	-6.89258
-5.09956	-15.6542
-3.84674	-5.88016
-8.74558	-4.49498
-8.64416	-5.22965
-14.2267	4.07046
-12.914	7.98508
-11.1016	-5.84828
-10.94	-5.42612
-9.20109	-6.60598
-11.2408	-6.17105
-11.9328	-6.95568
-15.1176	-3.67959
-16.4214	-0.773745
-19.7127	5.40339
-19.7361	4.62785
-23.517	4.7565
-25.0729	3.89575
-26.7464	2.52848
-25.528	-0.601853
-26.2563	-1.81007
-27.1086	-3.57499
-28.0051	-4.37142
-29.7052	-4.18538
-30.9152	-3.87791
-30.8967	-5.31244
-29.7137	-6.49915
-31.6276	-5.31285
-25.8192	-8.65878
-22.6842	-8.77252
-16.5199	-7.71406
-15.3518	-10.5888
-11.9241	-6.90048
-10.3492	-6.66533
-14.1542	-9.04276
-14.1558	-10.0912
-15.1285	-3.17759
-12.704	-2.4618
-10.3384	-4.01287
-9.79317	2.72709
-12.4148	3.32989
-14.7905	4.00817
-12.4838	6.21567
-16.4121	2.72218
-20.7155	7.49848
-18.3581	8.48493
-12.4843	-5.20595
-13.7402	-9.69445
-17.6315	-10.2639
-16.7652	-13.5227
-18.1717	-10.6395
-19.4742	-8.394
-17.2757	-5.07552
-12.759	6.39151
-13.0694	7.661
-12.6783	6.77611
-8.50755	4.67457
-13.8008	2.13302
-24.5911	-3.58226
-29.4067	-5.17302
-30.7776	-5.71086
-31.8905	-6.53896
-28.475	-8.83001
-21.8828	-9.85932
-24.5718	-3.07529
-23.5676	-0.460381
-18.0315	-0.428404
-13.8197	0.282109
-12.8347	-0.0690343
-11.8009	4.45723
-13.8804	3.02462
-15.6846	-2.28814
-16.3903	1.13027
-17.3506	-2.20041
-17.5365	-12.4051
-18.087	-15.3587
-21.7632	-13.6764
-25.0283	-13.0496
-25.0744	-15.2456
-23.1034	-15.6968
-19.4461	-14.9092
-14.2745	-9.99055
-2.06956	-11.5229
-0.574366	-8.59586
-2.87438	-9.69138
-8.9195	-9.63438
-7.6824	-7.3797
-5.85176	-4.94592
-10.7348	-7.90379
-13.3638	-8.80594
-14.4289	-10.4525
-11.7108	-8.15347
-9.59687	-0.369926
-8.06624	-1.42889
-7.35386	1.14487
-7.58338	2.23133
-16.9178	-5.73468
-20.5905	-13.0113
-24.8114	-12.9663
-25.5306	-13.843
-26.5946	-12.8136
-26.3234	-11.5739
-26.0495	-8.09508
-21.1196	-5.18915
-20.9541	-6.7957
-25.078	-4.7373
-25.1305	-6.17964
-16.9158	-3.71653
-12.2409	0.988502
-11.8913	-0.887693
-10.8102	2.50721
-12.4754	2.39002
-15.9977	1.71206
-13.9924	1.06199
-12.6319	3.3148
-7.97394	1.84522
-10.4238	-5.65345
-16.5947	-11.6562
-16.9705	-16.2525
-18.6923	-9.64056
-17.5057	-6.20109
-11.3686	-5.77121
-6.90359	2.303
-8.11635	6.45108
-7.55781	4.39572
-15.4686	-1.50704
-19.748	-6.55611
-16.134	-6.05721
-14.2513	-1.84574
-10.8225	1.64018
-20.9842	1.53606
-22.4257	2.37162
-20.3111	0.843692
-21.8579	1.92304
-20.1147	1.23441
-19.9249	2.69855
-18.9137	3.51249
-16.8546	5.46721
-12.842	3.22654
-10.3409	0.80244
-10.6351	2.18198
-9.16547	1.07938
-5.45132	0.882643
-4.43558	0.226708
-10.0712	-1.39258
-9.00676	-3.68128
-9.97392	-6.83031
-15.7212	-9.46982
-13.7847	-6.00989
-8.01024	-3.52329
-14.2807	-9.78915
-15.9155	-11.6653
-17.9982	-12.4866
-20.0233	-12.4266
-24.9226	-8.8808
-26.7278	-7.6499
-28.0568	-5.88856
-26.6207	-8.73782
-26.3638	-10.2858
-27.6901	-10.0787
-27.0796	-9.52858
-25.2237	-7.51319
-21.9618	-6.85447
-18.3992	-5.19891
-12.9106	-6.36687
-6.64462	-8.91779
-3.09381	-11.2828
-4.376	-10.1344
-12.8889	4.31436
-13.2049	4.5322
-10.9685	1.9479
-11.0154	2.50932
-7.93274	2.54823
-2.85984	3.6962
-6.51447	0.753751
-10.6379	5.12646
-12.1823	-0.183302
-18.6633	-9.89266
-20.6719	-4.86643
-18.996	-2.36096
-23.3507	-4.0773
-24.8844	-8.48975
-25.9595	-8.96026
-27.5368	-6.39586
-28.6633	-3.59572
-26.4796	-2.28806
-17.6527	-4.26587
-20.843	-1.7329
-24.6201	0.618116
-25.7066	-1.70635
-23.6469	-4.28456
-20.1014	-4.73738
-19.6864	-5.49664
-19.1115	-5.43264
-20.4347	-6.45532
-20.0012	-9.59904
-21.8932	-10.899
-25.2351	-10.5783
-26.8571	-10.7136
-27.3844	-9.46136
-27.1044	-8.43432
-27.2696	-4.57808
-25.8497	-2.37308
-26.6349	1.5657
-20.1656	6.04532
-13.5947	6.25083
-14.5129	5.84119
-13.1758	4.93582
-12.8832	2.62634
-6.71915	-7.13149
-4.33448	-11.9361
0.196189	-15.9592
0.419427	-16.0863
1.72494	-17.1057
2.00032	-16.3101
0.515038	-15.6679
-2.91863	-12.6492
-9.1758	-9.65101
-14.0968	-6.29312
-20.4511	-4.64495
-25.1734	-4.34594
-27.5652	-6.19679
-30.6669	-5.43299
-30.7881	-3.23036
-25.7187	-3.17178
-24.5676	-3.85329
-19.2231	-9.96009
-23.5414	-5.03571
-23.2364	-8.23944
-25.5186	-10.9953
-26.0199	-12.3361
-26.5466	-12.3799
-24.9252	-14.8899
-23.105	-15.8231
-20.191	-15.9864
-18.2347	-14.4048
-17.5653	-9.81723
-16.1206	-5.84581
-17.1006	-2.45582
-18.4805	1.21954
-13.3376	5.78868
-11.9775	6.35012
-9.86461	4.80353
-9.54389	5.55186
-9.85866	5.35496
-7.72939	3.65624
-3.87465	-5.16481
0.476993	-10.6785
2.6341	-12.1946
3.09441	-9.7061
1.953	-8.16156
-0.663983	-6.33506
-4.73479	-4.26065
-8.39479	-2.98287
-11.4927	-1.46406
-14.4826	-0.748194
-15.7732	-2.5636
-12.0843	-7.24096
-3.32151	-3.84198
-1.07926	-0.572398
-5.37405	-7.19307
-3.16057	-8.36555
-7.1677	-8.73567
-9.64465	-7.66917
-14.3662	-11.0273
-13.8452	-10.8548
-11.3487	-5.85658
-14.9008	-2.24196
-16.462	-3.62832
-17.1286	-2.49812
-17.9796	1.38262
-12.7912	-0.958472
-12.3692	-9.04763
-8.51441	-13.6822
-8.95662	-11.4249
-10.6299	-7.28999
-13.7609	0.769499
-10.2072	-0.488434
-9.41726	2.88059
-6.35345	4.99541
-5.4139	7.5873
-1.60315	5.99912
1.24644	2.14318
0.944631	0.462028
0.0551018	-0.971873
-1.64589	-2.57294
-5.2916	-2.16494
-9.43264	-0.144301
-12.5633	-0.107336
-14.1734	-0.538529
-14.6036	-2.12458
-11.6656	-4.20066
-13.1484	-2.25169
-10.1082	1.137
-5.43829	2.00876
-6.49966	-0.756306
-15.3309	-1.75266
-12.5925	-3.16557
-15.7554	-3.72889
-17.8706	-9.17814
-6.59513	3.42001
-8.75547	1.20216
-0.206954	0.996848
-3.2111	-5.26156
1.39089	-8.86045
0.276146	-2.39073
1.48652	0.903328
-4.54452	5.29205
-18.7592	0.711296
-8.9217	1.39387
-13.4286	8.37702
-13.1657	5.01092
-17.2441	-2.23409
-18.8725	-3.88996
-17.9819	0.103192
-18.4475	2.41562
-20.1618	2.46629
-24.4427	-1.6243
-23.2691	3.78423
-18.6335	2.10901
-21.8606	-1.97414
-24.4988	-4.21739
-21.6607	-2.43688
-25.8812	-1.49369
-25.0953	-4.51539
-29.3634	-2.17274
-25.9021	0.263813
-26.5071	-2.48064
-22.589	-5.23773
-21.7252	-2.76032
-20.7936	-0.563455
-22.1587	2.92824
-16.7541	-1.123
-19.4056	-2.41367
-19.3723	3.00785
-21.3062	1.61439
-16.4333	2.00072
